160,1390425
154,2600399
139,3824286
166,7133581
150,3708176
166,5127263
155,492276
156,1657461
172,0800548
157,7436389
158,5805128
166,9297155
154,7379214
163,078553
156,9437286
167,5316915
171,5090813
175,7609675
165,4644542
186,129063
148,1748765
153,1898914
146,9752388
145,2920091
156,8709308
156,4701091
168,3660688
159,8645224
148,8153124
168,1690969
166,4357297
170,8207325
161,185338
166,5623018
156,7070297
153,7984765
172,3271437
154,7548692
165,0675122
152,1983706
154,1166678
152,2628662
161,2872198
157,6606796
137,5461975
161,9451823
164,030344
170,1594199
170,4596337
169,8700133
159,1562336
151,2351249
170,8072506
158,6924101
153,0991847
164,033217
152,0506383
151,8210691
143,9802691
149,9229414
156,0557429
160,2133304
170,4319428
160,5780553
163,2103969
156,8181312
153,7834913
171,2945372
150,6065078
162,4402663
159,1509717
147,6780201
158,769161
172,3923696
154,0256728
156,5318269
159,4884468
163,8924682
157,8688656
166,3680562
146,8683103
158,8207123
154,9247888
152,2659957
160,8005802
159,3731957
147,4397564
169,4037459
163,4720613
158,3047446
154,905422
164,0086025
152,5504797
154,661325
159,4648865
154,6907444
147,4640191
162,9442177
153,6040313
165,6988799
172,0416772
165,6147977
160,0494667
153,787983
170,76298
151,1692219
164,1968992
163,6750308
159,2889158
157,9997323
169,0161893
157,082657
147,5196482
145,7535964
156,3765743
164,512497
165,3864405
159,982067
159,7756776
144,7869822
161,8408831
159,0422323
160,3338574
156,6069219
156,3366937
152,9329689
167,9255201
159,9705864
150,4666767
163,4289323
151,4878782
160,5810253
151,9741577
157,7841196
147,6294697
166,6056828
152,0217647
149,9256451
157,0241783
165,3915699
163,5588745
156,8329233
162,2933801
154,68677
159,4276587
148,6565693
152,4708058
150,1621058
174,8785027
164,1647863
170,7232624
143,06128
154,5092997
163,9659519
162,7141511
157,5546955
153,8341874
166,6980159
164,1857231
160,4305336
164,0493731
154,979067
154,9171826
164,9378127
154,2890883
167,7825529
167,3310014
172,215082
161,3351054
162,2156771
166,9299609
168,7365122
164,5889178
169,7375577
167,8858195
149,8531915
163,1447865
158,2501074
149,0616162
158,1587417
157,1942074
154,9831743
164,2836926
170,8320293
161,9425121
161,5105515
148,9720646
147,585698
162,5517531
165,9934337
165,1730333
157,5623655
167,5135804
153,3557611
155,056064
159,5195785
165,9006603
157,1576098
145,5926761
165,1348434
145,2517811
151,0571826
166,588175
152,1371786
148,1627202
161,9761938
155,6850051
156,2015266
153,2397771
157,8168457
162,1809974
161,8789721
156,0919264
149,4725127
153,40232
158,3050304
178,451494
159,3230885
159,0915625
138,283903
144,0901192
153,510386
150,6155301
162,2202629
158,9231375
159,7357204
157,3846464
170,9805338
157,8645616
163,3466712
150,2022426
158,8032496
144,2527872
162,2501195
163,7272252
161,948432
170,1720584
146,5952459
165,4167828
164,2689734
151,3647969
160,439457
151,9398518
152,3991956
173,8218179
159,0328261
167,2005034
160,5043661
160,7415682
154,0255496
161,2641622
151,5368516
162,8817371
167,3638038
166,4078805
166,293138
158,8549371
160,9880299
162,0931355
156,6567552
150,444775
152,6557369
162,1561104
159,2569178
153,6355022
162,0410108
151,3893667
159,5139492
159,9650812
159,4800877
157,9890258
165,881545
169,8185081
166,6556965
150,3826527
156,0735099
155,9609945
154,7024792
163,547132
158,872859
140,4846736
160,0637462
164,0268948
166,7447751
159,9707158
155,6042032
161,9093807
172,7032071
152,5597659
160,6349471
144,9667373
163,128143
159,3967617
162,5870183
146,4941394
164,1882559
158,1666358
167,3682681
150,9999905
151,8357677
154,7782137
152,7769102
168,6390517
160,3568007
157,0175781
151,5004951
157,8421987
149,9825703
150,2446775
165,1100589
161,6248657
169,0551975
166,2899966
170,3301343
172,1844448
155,4004598
158,2522797
157,6247782
164,7793173
158,9352129
162,230597
178,8847501
170,9069141
165,294709
160,4204576
157,3852428
150,0955177
158,9555238
151,5191304
155,1172507
149,1432699
158,0140068
155,4145574
153,3899377
161,4716394
149,0841325
157,8885172
162,0411003
154,807615
154,7107018
153,3939388
156,3075703
162,8447778
152,7310614
161,8135444
154,6702107
162,7094694
150,5286176
157,1743675
159,4527957
169,9235163
165,4738802
145,2998402
174,078531
164,4750818
147,099104
153,2299545
154,1182911
151,6205437
146,5831966
159,312731
154,5930519
166,4480227
143,2665167
159,0965497
156,6100898
175,4715603
159,6870147
149,3331553
166,3088174
160,8670461
144,3170388
166,9810207
161,8677243
159,4952173
171,866317
156,9197862
144,1368474
165,87562
154,3055738
159,1472012
156,5089007
159,8585117
154,1353192
151,6523824
155,015442
157,9853932
159,1444687
160,7394054
159,8459986
154,9879964
148,2171173
165,839918
174,2547043
155,2606903
162,2068806
141,6291235
150,182662
155,0075695
175,853705
153,2934947
156,1846557
155,1200442
157,0318364
167,6190734
162,2622187
156,8006941
148,4824554
143,8320253
173,7887114
149,830247
166,9705346
162,5505197
158,2936895
164,6702735
157,0244732
167,4805907
152,0674948
159,4077906
152,9387708
145,2889427
169,3807822
171,4644438
157,1273356
161,2887884
154,1363734
171,0665962
165,1606335
161,3021642
169,3769776
157,8312396
154,0958694
156,3861296
163,9486381
168,0743264
148,5348258
163,5308768
150,3173182
161,8442931
147,9555155
151,9530191
157,0903093
149,8377073
161,7526706
154,0425518
164,8434198
159,0589414
161,1527193
161,5317679
152,4560722
170,910513
139,7833238
162,1583701
177,8846543
155,3762072
157,0935478
169,7997136
159,1661954
166,1871001
140,8324299
160,5332887
165,9382562
144,3074109
159,9310962
157,9721092
169,0342028
168,2700732
156,8101138
155,3560956
155,3706022
161,3865394
166,3037093
152,2330943
159,6695139
168,5020029
152,2901445
166,4246827
166,6157816
154,1478531
167,1018306
168,3936398
154,6322659
157,6172049
156,3664257
165,122305
162,0581243
161,6643338
164,1540696
156,3631179
156,8319797
151,3448141
154,270847
169,483149
153,1558146
160,6918723
172,327503
154,4250541
158,1053027
169,577304
159,0029449
162,1559601
165,8857007
160,5942521
163,1193075
154,8930166
166,1184123
154,9433443
159,9284681
156,8389901
147,232606
163,8201631
154,9286292
158,0882343
158,3363244
160,7737445
175,8189848
144,5338759
147,9761187
152,5267558
173,5793752
169,8929083
161,2665352
172,7419182
168,1972976
158,3909437
147,16835
167,786051
154,3658124
156,3020981
163,4685428
166,1626648
156,0907036
172,1860203
156,3025932
165,9044927
157,2448451
161,7453645
149,9389188
150,2098437
173,870946
164,8688179
160,1668696
166,7200889
165,9958988
148,3703668
147,4298405
165,9982505
160,8865182
163,2475881
166,0482611
156,8237242
152,7850508
156,9217281
171,494274
168,5436056
159,4628475
167,2254244
150,3853303
150,8114619
159,9561151
148,3759918
173,2648574
145,4881724
165,6902762
162,4894211
165,8679248
159,8543346
152,4896664
178,7630748
141,4269303
161,6235841
158,0507019
154,1119146
156,8478402
158,2529021
152,4777472
161,3306343
169,8678181
153,4805642
156,6914495
159,272691
163,7427379
170,7571692
165,2997187
155,4716208
161,2104595
179,1154784
163,1656017
168,7117209
175,3813681
163,6983563
154,7752139
150,8146426
156,2113857
161,9038466
166,7257035
145,1762977
162,7406031
156,3033474
155,396039
160,2759866
160,577757
153,2959212
144,0948222
151,583088
153,2415683
142,6898191
171,0880439
149,6898672
157,864433
164,8609891
164,801655
152,4696742
161,2733045
169,11109
159,713759
163,7706443
163,2597691
156,2158827
170,6778076
159,2692311
161,9454407
169,1529777
162,8434942
156,8428207
150,226408
166,1560007
176,1790864
161,2147248
173,9426467
156,122803
144,8682216
164,4157519
163,2557839
161,1732137
158,7728699
157,8463306
169,6363908
157,529868
160,0641687
166,0878056
163,4903683
154,4287438
163,5781104
165,7890584
165,171377
163,2123115
173,4077078
156,47582
157,2194102
170,6234428
158,7076498
153,0719363
157,6825656
163,8562697
158,176716
168,0463554
154,3021751
161,4684701
161,7278854
167,1410897
148,1039563
164,3775019
161,7562595
142,7913734
165,8522884
149,7657115
154,8487257
152,1373694
166,0869636
150,1394425
163,0699085
166,6414541
157,8771217
158,4877732
163,4899691
156,5949247
175,6563264
164,9821683
158,113469
161,5089125
171,8737129
144,4403948
161,0244083
149,2605278
169,6176378
158,332367
150,9943515
164,8161354
152,8126598
166,780788
165,7217287
166,6284283
149,8735356
168,7822863
149,7277499
171,8940128
162,8184885
163,9596976
161,2903436
159,3171331
166,6344571
164,2816214
148,7446122
155,6643719
153,0532803
164,2545298
159,3954761
168,9172274
149,9238364
148,7651863
159,0844551
155,6836665
153,5468254
160,1118855
159,3152377
168,8052186
159,1983047
157,1160557
158,5481677
165,7741996
148,1607255
163,7846805
161,7949528
164,4619366
154,5066351
156,3668512
158,0863296
150,2636112
157,2134734
166,8515698
148,7883019
147,769201
169,1284771
165,6677309
158,3632837
157,1982845
157,4426389
159,3810314
159,5116668
150,4752874
150,393142
162,6338133
161,8586881
158,1900957
153,4155292
167,6820822
149,1077413
166,8187369
159,7900806
152,22345
160,2975829
161,628154
166,8236747
152,6077831
161,5472292
159,5946377
150,2281564
164,5523423
154,2500088
155,704967
153,2883592
158,9568092
156,7176804
152,8042473
160,1346208
160,7535816
159,5854416
150,3418159
148,3625608
159,0904261
157,1658492
175,4683399
154,6502796
163,4720117
159,2665802
153,8354692
161,5729787
164,4648204
154,6142818
149,1748135
156,4948048
166,673168
149,6331682
150,9320411
162,2216098
156,2425604
167,6583642
146,7909226
158,2295742
153,7246199
144,7902502
155,7201814
148,5309575
165,8659634
153,2901898
155,0846638
152,2726229
150,7519515
170,7250353
154,9941903
156,1679212
157,8265459
148,9393264
177,2343124
166,0020403
149,3971464
140,8599333
152,8985736
154,7509281
158,8676706
153,2988389
154,6861722
159,0936582
154,973295
160,2327458
148,6963091
165,6034038
150,5091864
165,9724978
166,3209444
164,8940484
158,203875
161,7381321
159,3396245
168,8628889
155,1800383
172,4754795
167,3736835
151,3677859
165,9645864
156,8760312
170,6643917
164,435656
162,7339777
169,0124866
157,3822353
152,3841521
150,7641205
169,5926256
165,4543358
150,7094581
157,7378524
162,5687813
156,5888729
154,3742428
166,0248409
157,9464693
164,5252582
148,5213785
155,7038492
173,1633348
151,391661
153,9489505
159,6972998
160,2590885
158,1637945
160,7954171
150,705603
166,0171977
154,8365302
167,6466444
166,6530339
156,3976449
174,2978606
140,4213283
142,1281016
163,7124594
153,075154
150,9206023
157,0217067
152,3310708
167,1607037
153,3632564
146,4770678
138,0507349
156,89632
172,3156715
158,8239819
163,9657031
166,5583209
164,6200616
161,5061483
168,053767
149,6910402
164,2678204
157,792545
161,8147806
160,8088396
156,6482847
164,8448419
146,9860534
155,3717139
166,1328167
159,8422279
156,8136596
154,7551536
164,4227236
151,3490343
162,9217613
157,3445896
172,0236507
153,8046417
152,2709372
164,2815688
164,8555058
158,1301346
163,5432636
171,0027055
167,4955675
157,0959147
161,1352048
151,4191823
163,7480475
163,699018
159,7069033
152,1025904
150,7380648
154,7828715
136,6220593
155,9749988
154,6355072
177,4628604
157,9455179
150,147497
148,9025675
154,5431871
164,197479
174,3092343
164,5379934
152,7371801
153,3444455
163,2850313
167,8514711
138,8403638
153,3083874
166,6202156
162,7763983
150,0056182
165,1414088
162,4233374
165,1192965
154,4568681
177,6543512
162,0408098
154,4792133
153,3344213
157,0236086
167,4711657
158,3733647
162,9166112
158,6177722
157,2755993
150,0628292
172,9763344
161,9843148
169,0332703
156,9893084
161,3207575
153,1687925
155,6519333
164,2371935
151,626186
147,6933294
175,8161342
163,894389
153,6787819
149,9882717
142,5895506
165,6243815
164,0770651
152,8959427
158,6044597
151,0718769
150,0351709
175,6909849
157,4442144
162,0733398
156,2481449
154,7512448
159,4019293
154,7475315
162,070966
149,8571856
155,8886295
150,0157905
166,7972531
158,0170753
156,2959127
155,6579978
152,5509977
158,4549878
161,0399
163,8733
156,7690789
153,9883272
158,157506
164,3352685
150,7677183
168,5448659
154,1662122
169,1566287
155,4387122
161,4321403
158,1439484
159,9339983
162,0927501
165,7658083
158,7541997
159,6491318
169,4956082
160,6496518
157,4381124
159,8626442
163,4529018
159,682685
157,2672758
156,3469745
170,038857
160,8182032
155,8936893
158,1919545
158,407497
166,4380256
170,2964594
165,7100884
153,9355114
164,7024574
154,1853185
169,2065388
153,3867475
162,1246083
171,1610222
156,7940505
146,5840735
170,6330275
156,1842812
148,0820793
151,9430693
147,3385895
145,4924889
166,1720827
155,2234148
165,5575478
165,3969739
165,6087505
155,2078584
161,9497089
151,4254204
156,7484995
156,1952779
168,8250366
161,6100525
172,6170068
161,501723
152,8199788
138,9737283
162,8784458
156,8566528
160,5114139
158,6195239
148,1186785
146,902855
159,4061398
157,6174574
168,9077811
147,1452905
169,8920964
156,9291554
154,2075022
158,0457116
164,7959272
167,3244951
157,2360381
151,6567715
171,4439239
175,6638127
155,2588383
153,1426704
157,7344955
158,0583665
161,2274686
151,6234737
161,7074102
155,3607214
153,7322149
164,6201316
160,7282972
149,6618787
156,7929239
155,8164235
159,0595307
157,6939466
158,3021141
150,2027232
165,6590968
155,3023204
165,704705
169,4025998
173,2215196
155,9737974
166,7950352
160,1216058
163,8739206
166,2017263
161,1715598
165,4001941
162,1962805
161,3328089
167,6040105
165,3292169
152,4877325
154,7257759
153,0414125
155,3492728
165,7154635
154,8504205
157,0118216
151,2883781
157,0992441
167,2680727
166,9599241
152,7088433
160,5518396
167,4561333
159,9506887
171,2019182
144,6912926
162,3671351
159,0751037
153,9551265
166,3848832
157,7152591
158,8023537
166,9542948
160,2041845
145,3219806
157,5194448
155,2052642
153,9446133
160,5663451
168,9745113
167,5896797
156,0805533
166,3953057
163,7394167
147,9521234
156,966403
159,7643851
150,0629983
162,3479167
168,8883447
159,4930158
160,3121041
166,3972543
157,644311
163,7314193
160,4179586
160,3375333
163,5767173
164,6959667
153,834972
158,8402641
163,5479263
144,6030637
164,1686789
170,9425498
162,9858779
158,5940899
154,2608265
159,6687605
160,3870035
159,9590116
153,3720156
167,6415613
168,3508682
158,9825609
161,9685783
150,3218963
151,070824
151,6746219
165,0096103
157,2766564
164,4070743
154,7531563
146,997265
171,7721995
147,9587065
174,6301963
166,1849367
157,1848118
160,05717
167,2697022
155,2208998
174,6012364
157,6072993
151,2929484
146,7226221
169,0693588
161,4041328
156,9810361
161,5860895
166,4617928
169,9384294
147,9245981
156,1929616
166,4924916
168,1962073
144,7249065
154,7971733
157,3178727
156,0017313
155,1383405
159,2555857
149,2707871
140,1144734
155,2851523
164,5723903
157,7926234
171,8069235
162,9136432
162,0709855
156,1265033
148,0940824
157,4753196
155,1060361
157,6026609
174,4587981
166,6602409
152,3861524
149,4309799
154,7332398
147,3740091
170,1309283
155,7824891
155,5292976
162,9458837
161,0197393
173,5389969
167,9464828
164,9301213
164,5117602
149,930295
160,133561
158,6114573
165,1054474
157,1843302
170,1248566
168,0651465
155,6203822
154,0360662
157,4063228
165,3786487
159,5841065
158,6026322
166,0493061
159,3219461
160,3867539
162,5203939
155,8536362
150,0513188
152,1011056
163,4180175
157,1266973
159,9890603
156,315113
153,5338085
146,9273987
154,7533863
146,3150008
157,2041398
157,6052567
161,4911099
159,5965082
154,2027711
151,1133539
153,62527
153,5834193
149,4253318
158,4435497
158,1902796
154,3650579
162,2699099
143,9395126
155,0438827
151,1775224
150,6268341
154,6154314
161,863566
159,2733639
149,2234568
167,8502455
157,8354158
154,6541742
150,8507382
156,6550728
142,7291508
148,0126941
157,4764116
150,4922886
152,4274298
170,7969462
153,9452812
148,1779414
159,4709076
167,2117973
176,4204219
167,4460928
144,9096604
160,8815797
156,8949118
147,1883429
144,4576598
150,2402383
160,318188
160,0924613
153,7581787
150,2048086
164,2028325
159,8533911
151,0601687
158,4075499
150,1678825
150,1391261
154,3380858
144,4591719
162,2084797
166,001352
168,6385512
155,9478997
165,2596971
164,6017175
155,4552899
159,0011717
164,2699729
152,8816538
159,86199
169,6773394
158,9852474
165,2468277
159,5734954
157,9099449
159,3849999
166,9124033
159,6413726
158,5429021
155,9749383
152,7112302
153,9075913
151,3517719
154,2414647
159,5322335
157,427297
169,4089238
165,405685
168,5656171
161,095887
168,9445059
158,4984732
148,9774354
162,2095513
167,76053
159,8950618
147,646196
156,731954
158,3863898
153,9852301
148,7810939
160,3388352
160,4144964
150,7617212
164,3818701
154,0114274
158,4672159
163,1818363
159,5392346
157,4416913
173,7948746
152,5504587
160,2031283
157,5970067
175,5706541
141,8271236
165,729765
165,6173721
158,3976985
147,4941215
161,0821146
166,0818085
150,2912579
159,806818
159,1338984
157,503563
151,243984
151,9162013
163,2555619
165,1430366
151,917487
160,6105704
144,0740705
165,2006317
157,3828293
165,9878399
163,0759049
146,7691279
153,9701087
164,0521559
163,2542411
158,1271885
139,8430184
145,9413508
155,0404058
148,1879928
164,63364
152,8731932
155,7406852
171,171266
143,9935827
160,4109819
158,8303058
150,3471526
154,8041981
152,6617836
153,5857201
163,6122833
157,9204828
151,9987759
157,9128946
152,9888144
158,3726096
171,2222876
164,3053015
136,7341967
163,158222
152,4654334
142,5968705
161,5797677
161,0410427
143,3153174
156,6327229
169,9452767
157,264919
146,8522338
163,2052332
161,4218991
160,2232273
155,3868042
148,1331257
146,8748593
158,5911722
155,5900865
161,1855526
164,6719442
157,1312142
156,317378
145,0226393
167,316134
147,2264234
152,4615559
156,7932981
139,6578013
158,2430942
161,006407
154,387837
155,437783
160,2703098
160,9310178
171,7766079
146,1357271
162,306955
173,3216447
160,2974724
153,7700732
156,258738
156,1018969
149,9490606
158,2412679
162,2543076
158,699472
165,5729196
174,3780421
166,1032899
159,0628054
159,6309082
156,0282727
158,1926954
159,5895703
164,5859058
154,2369989
155,3927072
167,9929115
159,0266564
157,0064061
165,9035917
150,3222428
162,1006294
151,0441816
139,7871795
164,9740048
167,9344677
162,2786443
147,2749317
163,5335616
158,4169077
158,4668878
153,0048461
159,2619806
168,5706067
161,4878151
157,0911989
163,9817063
149,6769937
161,2643589
156,3781096
170,7788509
171,1749222
162,5841167
164,3711406
164,3163175
166,485168
158,0983294
167,4653007
165,2466976
147,33751
172,1028844
148,8299849
157,7768516
169,3760865
166,2672755
163,5656967
153,1789705
171,0551665
152,9499671
155,5231568
154,8777265
155,9201265
165,2272499
154,6147972
158,7719674
160,2564899
161,6100142
158,6005097
170,5355348
165,8699927
162,6305079
160,6528198
146,261259
150,2538623
168,4088042
164,4533303
170,9549067
157,9096339
159,971281
166,9156119
167,6825581
148,0680858
156,5796586
152,5041335
155,5858086
156,8188313
155,2040117
167,5586949
173,9921243
150,8816073
159,336564
161,2324463
155,1039256
158,5701042
169,1565018
169,2110505
160,8263203
168,9129135
164,805453
163,0581686
162,02374
141,0960384
166,7229656
149,8643195
153,1782172
176,8483594
161,8206737
166,4692574
155,2576473
154,5691511
157,0617197
163,483585
166,350709
153,9598343
151,4055884
165,6547958
155,0902586
160,553364
165,617762
150,676645
153,9624876
158,2363703
145,2571796
161,2240725
165,7006951
147,432391
155,824743
159,1921495
165,5772093
164,5180793
162,730767
159,5206538
163,7362677
149,6181527
157,437758
153,8966312
164,5535489
164,1752179
168,7920023
140,5290663
146,7571842
162,780767
171,9004817
139,7185092
164,3469722
147,7152954
144,2275574
154,9238359
142,9313434
149,9419157
160,5259233
161,8778348
150,7019624
154,9464492
164,700622
156,1957659
152,2892157
156,8615279
151,4192285
155,5362258
156,0570078
147,211008
150,9054592
167,0724621
152,357597
155,5222058
152,7291184
161,5372647
148,1319497
163,8312549
164,7440557
156,4503213
159,2882753
163,4760731
156,2506207
153,1279571
158,5737241
153,5661207
158,7806211
156,5435651
145,7945159
162,6783289
158,4539306
157,5515623
153,8834877
161,200573
165,7974756
157,4369456
157,2659115
164,1814647
160,1095626
156,9729163
167,4442387
158,8259887
149,7177317
156,4395148
164,2999163
170,0254636
163,8812744
152,3902241
147,5803078
165,3609867
154,6195048
160,8647045
152,2288863
160,0388879
163,7965704
159,5966237
153,6816257
159,5143675
155,6273654
151,8125905
158,1586842
151,4259602
166,5784055
153,6136258
157,6449105
156,4103515
165,9629583
159,9738565
152,3915291
166,8606317
161,2630745
156,0416849
158,5487119
152,9708705
159,6576983
151,2770744
150,1404336
156,6449298
167,1025653
171,6455239
164,0250125
164,1386716
160,873301
152,5325662
159,2167993
158,228848
160,4842823
161,6946765
156,9825021
174,1790808
160,2660733
169,7523222
155,209412
151,3535052
151,6574578
154,756616
162,7339147
158,039103
154,5716268
142,726174
148,3590516
149,4725925
158,2579047
155,6943876
164,8494574
167,3795917
164,9010956
157,6178679
156,8288882
146,3871959
150,5847904
160,8590388
158,9318248
162,4901514
151,2870293
157,1795463
153,7459502
160,357117
147,8227
157,7942076
167,1835749
177,0331197
143,0971936
160,2907389
143,0524498
156,887456
154,7559884
155,2191527
162,5779989
147,9718751
169,3489183
156,716723
161,3155722
149,1509823
166,2918368
138,8888465
159,6723374
161,7777509
169,5402864
166,0238364
159,6585968
165,050395
161,5796705
160,4094464
163,3142998
153,1010504
160,6384159
146,8110701
148,1346029
147,3478029
146,4733716
156,8564158
158,0751953
145,7937171
155,4929194
147,0906526
157,4489608
168,2442239
146,4880463
156,299895
164,6099518
145,5699073
148,628001
158,24722
160,7501693
163,3288903
155,9973199
154,0102908
156,0430487
167,4058126
155,507494
152,8839825
163,8103555
165,7689688
159,6626794
163,2417282
153,088168
162,5735772
151,2181662
156,7313446
146,5121265
165,1598169
171,6361652
154,5104353
167,243976
161,0043279
165,3569723
167,9420244
145,9901264
171,9109697
159,1431175
160,1001186
161,9802192
161,8623316
159,4434448
158,5368562
147,1594003
166,9738447
164,4349043
169,7813385
162,8604146
155,4014802
157,8835236
156,8624235
149,0739839
167,5943979
149,8946863
164,9780789
162,9903372
158,1132494
149,2602774
166,0556305
158,0555986
161,3292517
144,6474398
167,1557468
160,3859475
167,5464524
157,3227912
153,4070434
152,0728976
164,6762116
143,1828711
150,4844759
159,3994127
161,7659354
161,1816048
155,1409279
158,784304
162,7171361
163,483063
154,3352557
156,3666957
141,144012
152,8174595
166,0713364
152,8386848
169,987173
167,5956107
169,5995962
163,0384653
165,5976244
172,5015857
156,6221285
164,2918978
161,6460132
161,440617
161,1163009
172,4413636
156,6436357
156,576337
156,4995094
149,6579315
141,3582195
164,6947796
155,9107356
148,7483176
149,6027078
162,101665
174,9849721
143,6530592
161,6201678
151,497539
162,9569108
165,491445
158,5709449
159,2541669
164,4417647
172,8686279
146,6023849
152,7420517
161,9125978
148,4809277
154,0253111
162,7371234
140,7424281
158,3791995
160,5480083
159,1682031
159,4974635
147,4790768
171,693934
157,4985656
162,4391256
154,6359171
162,1531295
156,2737739
162,1089013
150,9233276
162,7960852
167,3806706
164,4896187
146,3001325
156,7464445
160,3977037
160,1763002
161,6805102
157,8731692
156,0119246
154,5428365
157,8287753
148,5644301
166,4709599
162,4861969
173,5170928
161,8304734
172,6305529
163,5860938
156,5503162
169,9272197
154,1211603
162,3223274
165,0556077
158,7783151
156,2319363
161,4348831
156,5015908
154,2408913
147,8753361
160,3136451
170,0921892
148,6404619
155,9488942
158,933842
160,0480199
160,5510198
156,395259
170,1792621
151,8143359
166,3747419
159,8190712
154,9310185
155,2178376
160,3287048
163,931501
150,264898
159,5450202
163,3575169
171,297089
166,0777979
156,5092225
155,435654
157,6457097
153,832708
165,5082338
158,6289172
155,5381021
169,2145495
167,3928333
156,7562898
157,9190103
162,1842736
161,0677078
146,8740216
162,8781424
159,1728742
173,0587946
168,6781957
161,2214859
163,0788892
158,6553605
153,4587756
158,958912
160,2938497
168,0041599
151,2157523
165,6705773
158,1417513
151,4880288
151,1820402
152,9959939
165,5521504
161,0151729
166,9022175