111,1312818
110,2338837
113,4207309
110,3670997
113,5846074
110,6604726
112,4053419
114,1530974
114,479736
113,7917462
110,3564886
114,0586626
111,1719371
113,5126195
110,2464591
114,8083848
110,0434057
110,9664032
111,0222051
112,0574625
111,0178301
110,4200494
113,4193216
110,3654028
110,0420345
111,6673475
110,215274
111,852519
110,926675
112,0352739
110,3600881
110,7159017
110,0909291
112,9235092
110,0842006
110,1441517
112,3187693
110,7213598
116,7414683
113,8295598
111,2185418
114,6439483
110,494144
110,9929175
110,5308771
110,0008806
111,4647396
110,1674599
112,286372
110,0625578
112,7439419
112,1211709
110,6647961
110,4745388
110,5265707
110,7393805
110,1475326
111,9243934
110,076352
110,3311061
112,8261195
113,1486111
113,994084
115,1829142
114,5362374
110,3011506
110,5619111
118,1983871
113,0199253
110,181279
110,1345073
110,6236901
110,3384534
110,0825053
110,5847866
110,64558
110,8726413
119,2822752
112,3299458
110,1782131
110,6669413
114,0097962
111,448558
114,5080036
110,6656357
111,601756
110,1019828
110,0691717
113,4669362
110,1677049
112,3633184
110,2353343
112,4148767
110,6351696
111,1409075
110,1615269
111,767274
114,6183017
110,1309342
110,6385826
114,2149491
110,5749387
110,0232845
110,0574681
110,2172271
111,6350405
110,1119796
111,9816974
110,9048475
110,4450081
110,0878666
110,9969914
111,8478289
111,355423
112,77151
110,907384
110,9352729
111,3012772
110,1218002
110,9081918
110,0584181
110,3479855
110,7387607
110,1462068
112,2791475
112,4312281
110,2803672
118,3740042
111,9860536
110,4427303
111,3790932
117,3888511
110,4404434
110,4183924
113,0082107
114,0093273
110,2988786
112,0541222
110,5096489
112,869689
119,8150498
111,5513829
111,2676916
110,4917188
111,6423835
110,0334865
112,2053356
112,8263557
110,4797114
113,3903326
110,1179129
110,5465862
110,3310214
110,209447
111,4268333
111,2503531
112,805443
110,0304954
110,1326953
111,004438
111,4695726
111,9807112
112,9424624
111,2514682
110,0751426
110,6970913
113,098879
115,6172413
111,0023054
112,5170087
111,0402821
110,9630583
111,3632375
111,8526042
118,7259615
110,7688177
110,5465955
110,0006742
110,1840715
117,0280266
110,5753821
110,2140163
110,5061824
110,2245044
110,1908496
110,069259
111,364236
114,7048669
110,8339411
111,2560265
116,2307115
110,3223165
110,2656371
112,7777414
110,5005808
110,4720698
110,0293425
110,2735489
110,86973
110,5380482
110,9919064
122,7262033
111,3492969
114,3823075
115,2316153
110,9767222
117,6523317
110,1153008
112,5059041
116,8446655
110,3716896
110,3831508
110,8115236
111,0905836
112,2699906
113,9649478
112,8545658
111,3584546
111,8638093
110,164654
110,7155204
114,8501854
110,6665987
110,099284
117,2175928
111,3276388
110,0299129
113,3920214
113,0903811
110,5168989
111,0246164
110,4706687
110,0703269
112,4985568
110,1338264
111,5407808
114,1400008
115,5467122
111,8231257
111,1693894
111,4007661
110,0389233
110,8119341
112,0484873
110,0482537
111,9650699
110,6479403
113,1147237
110,1785317
112,0178146
110,3978033
110,0882218
110,0603715
110,7512233
110,4774869
111,4096085
110,5565804
110,0628726
111,1980248
116,1032197
110,5233689
111,3647923
110,4642731
112,2680525
110,1944352
110,9855918
111,4148242
110,1140493
112,9061196
110,2507834
110,2964812
110,1505676
110,0134312
110,722866
115,1417142
110,6727856
112,5027011
110,6925078
110,1106316
110,4559736
110,239891
110,0067958
111,367435
112,1092865
111,3248149
110,3533899
110,0834974
111,8011868
111,9511124
111,1519653
110,8352118
111,4544772
110,3038315
110,8801821
118,0418555
110,5383597
110,5534229
110,3257245
110,3341041
111,2411261
110,7046432
111,5604097
111,5165501
110,172825
110,1680131
110,2721922
110,5707769
110,3405617
112,1655257
110,3034716
110,6869653
111,0891522
111,1164131
111,9858744
111,9878858
114,2744739
110,4085432
112,5658091
110,5039837
112,3914204
111,7599852
111,0644058
115,4260492
112,706316
110,865344
110,7379539
111,6117258
111,9797996
111,1352158
110,0816608
112,437205
110,3609605
111,8276276
110,2208441
110,5183238
110,4838997
111,2180682
111,0243941
110,5160641
110,3400281
110,0200322
115,0642339
111,9637586
117,0943461
114,4436084
110,4438627
111,0592216
110,6050966
119,1381449
110,9701327
110,9622589
115,4917493
111,0882658
110,7755258
110,1033255
110,0082825
111,5837028
111,3004108
111,1813855
110,4585546
118,6367442
111,1635279
111,7900123
110,8198568
110,9765079
110,093115
112,0860993
111,5047388
110,7744717
110,7821888
110,1528742
111,1834439
112,0692128
110,2110136
112,6212188
110,0124056
114,3788111
111,694755
115,8132853
112,2810228
110,0122812
110,8270546
112,4934003
110,4988944
113,8790892
112,3566482
110,0943624
110,8052229
110,838064
113,7329641
110,2553498
110,4582531
111,1898473
112,6298303
111,6820513
110,1292482
112,9093933
113,612845
110,2619312
110,1881396
110,521374
110,473373
110,1231157
111,427874
111,2208066
113,8106679
113,384875
111,2898419
110,0653009
110,8971806
110,8364954
113,5500556
114,9761065
112,1945988
112,796066
111,4400428
110,0058666
110,5502332
113,1648145
111,1308788
110,0884206
110,0930391
113,4201768
112,6848083
110,1350583
111,1838676
110,2883391
110,6397313
111,3922184
110,5050037
112,2871774
111,9568429
111,4347541
110,4348705
112,5026485
111,3275576
110,4868174
111,8463631
110,3176584
110,2070086
111,1880187
111,0422526
110,3952376
110,6393464
110,4846266
110,1181625
116,5657421
111,3969602
112,7142811
110,6432428
110,5393083
116,7116124
111,1162146
112,5641794
110,9198742
110,6684787
112,6633329
112,1218706
110,0482603
110,5090526
110,1065768
110,8848585
111,0407261
111,4781034
112,1122906
111,2460997
118,5788197
111,3909741
110,0108396
110,8136029
110,0529239
111,5773833
111,4332306
114,352207
112,0224045
110,4277148
111,2566397
113,4464767
110,4937009
110,4947542
110,7073736
110,219754
110,3387129
110,4828427
111,2104711
111,7129008
111,2923298
111,2649403
110,4236854
110,2248409
113,4603302
111,266178
110,6780512
110,5326815
116,6233692
110,0091956
111,741078
112,1223607
110,0163839
110,5428908
111,513328
114,5634308
111,2868035
110,3285074
110,0471416
111,9707129
111,513753
110,8606245
110,6620265
112,0268272
112,6327635
110,8851396
111,7327048
110,6396634
112,991835
111,1074469
110,6317554
110,5853778
111,0909656
111,6813863
112,2272677
111,8125733
112,4967463
110,5509714
112,6370676
110,0730233
114,2676883
110,6729891
111,7285475
112,8785197
110,7770239
117,7804812
112,9591938
113,3124013
111,5943485
110,004421
117,4769961
111,1431578
110,9948295
114,5356521
112,1052723
110,7170104
110,6707399
110,9701251
111,6164382
111,3866855
111,0065929
110,1638352
110,5059379
111,8544952
110,1922933
110,7929566
111,6065656
111,5285456
115,5560743
110,0304029
110,1915675
112,1624937
110,3354641
112,8228141
111,0567889
113,559149
111,0089479
110,4740943
110,301329
113,1874117
111,2452792
115,2380286
110,8259863
110,1266093
112,0243923
111,3869414
110,2537438
110,1390699
112,9914375
110,9663822
113,9519121
111,6527377
111,5295727
110,6825413
113,5543301
114,6359728
110,2878617
111,4702384
111,3137943
110,3941544
111,0840514
112,3985637
110,7586729
110,2615885
110,3414646
111,4799138
119,8113873
111,4337523
112,5328951
110,3109237
110,6124761
110,1666707
110,0846801
110,6730891
112,5101626
111,4329465
110,0188563
110,0249369
111,0030391
113,97785
113,1846459
110,0321364
110,469707
110,4015571
120,506124
110,6007382
110,6536231
111,0041769
111,3030173
110,9605976
111,5393492
111,8347681
110,4194851
110,1512358
110,6631266
110,2913449
112,1554788
110,7982184
110,8762666
118,0782465
110,6981211
111,7364656
112,1096985
110,5160027
110,2697553
110,6853903
111,6343534
110,8590114
110,7850506
110,6259876
110,206882
110,2044457
110,690316
110,2065183
110,8065869
110,0392066
110,6831599
111,59528
110,2787417
110,5672306
110,1897094
112,6525906
111,1849788
110,9269343
111,5969886
110,0246057
110,3945028
110,5679931
111,3277156
110,1685212
110,9890726
110,4417121
110,1858709
111,1875128
110,7982703
110,9607066
117,1347236
111,4139186
110,3763325
110,0208817
113,6955233
111,1083509
111,0041418
110,4726638
114,2072604
111,9380654
111,5660919
110,9108544
111,789443
110,5740586
110,1013901
110,1515625
110,6160206
114,5302154
110,7579979
110,2412541
115,8777003
110,4252626
112,2787903
111,0617406
110,5589555
111,3191544
110,0153654
117,6166789
110,5814095
110,8513828
113,9447887
111,4025081
110,0213414
112,3374507
110,6081832
110,5508478
110,2039271
110,2960358
110,0589547
110,9867062
118,9814592
110,7208035
114,1306718
110,515171
111,3074429
116,1638666
111,7870291
111,1213459
112,5799581
110,2275906
110,0770786
111,8507775
110,2583868
110,6720837
110,4314564
110,534342
110,3787203
112,8853649
110,6529684
110,2104114
110,7352217
112,6730201
111,3931017
110,7824927
111,5112687
110,4667457
110,6625412
110,1954415
110,0172576
112,6709579
110,7082066
110,6430627
110,1667457
112,1920112
111,9162119
111,5565834
110,075292
111,6427652
115,4742485
111,7657215
112,740856
110,2450336
110,9031965
113,6397683
110,2569944
110,032691
110,3987878
110,7206732
111,4240793
110,3660962
110,5564786
110,458105
110,3361984
111,0235088
113,8377681
111,217599
110,3774212
110,3317302
111,7337935
110,7623169
110,371631
110,2177107
110,6035314
110,1975105
110,2326554
111,3019303
110,1417798
110,2283284
110,8800441
110,7907952
116,4277448
113,5223279
110,4868528
111,8880741
113,8678358
111,0159145
110,5441742
114,7237236
110,7050155
113,4740527
110,144037
112,9538282
111,7110743
112,5003014
112,4169685
116,0556374
111,4769384
110,3052936
110,4640301
111,1089043
111,5308233
110,8648541
110,7940979
110,1731077
110,9987035
110,8123216
110,4451557
111,117085
111,2416919
110,5197972
113,2263579
113,544064
110,9608143
110,9633771
111,0300644
110,4709712
111,4273857
110,3059974
110,7119359
111,132061
110,2750683
112,2123809
113,4152168
118,0423634
112,5618118
110,0475208
118,9318982
110,0859747
112,1441706
111,5600967
110,6958738
110,7238661
112,7885889
111,0818842
110,3487659
112,9366889
110,9753984
111,0309442
111,2341727
110,974064
114,8178202
111,4694844
110,1977619
113,4419976
112,8059422
114,8333925
111,7746305
110,3259411
119,2972548
110,5908528
110,1148829
110,0855916
110,6079193
112,5286681
110,9474405
110,3751711
110,8365088
111,3804347
110,3356614
111,5464966
111,5209593
112,0229496
111,7893441
111,197803
113,2921619
110,7217942
117,4357069
111,7522603
110,5925806
111,1074062
110,2523451
110,912467
111,0890135
110,8299206
112,2369018
110,6378838
111,1116998
113,9818167
111,0965253
110,6852242
110,61409
113,1703681
110,5564582
110,7870675
112,5792648
110,4056761
110,2486347
111,6515872
110,4368752
110,0584783
110,2547484
112,3026336
113,5455115
110,6822022
111,4806414
110,5507721
113,6995269
113,364348
111,4699593
110,7253195
110,0346569
112,9141436
110,4161515
114,897592
110,5157897
113,474827
110,88759
110,3447363
111,302686
113,7049341
112,0526684
110,9446736
110,487091
111,4050605
111,4275228
111,2222605
110,0430518
110,160568
113,3176739
110,0897079
110,1186173
110,0195209
111,4231882
112,2577401
114,7021586
111,6593988
111,5988208
110,8354641
111,2086034
114,0183186
144,1926267
110,7006606
110,1042911
110,3137339
110,6754681
113,8018659
110,1886375
110,8971654
111,5027812
110,1318861
110,5017188
111,4483233
113,923233
111,074767
112,4805358
110,6705311
115,1044572
114,6835618
110,1516684
112,74127
110,3847655
110,9391205
110,2213811
122,7914915
110,5586317
112,9463658
110,0709861
110,6604448
123,3633551
111,469382
111,1237102
110,9442051
110,0909825
112,645625
114,1186325
113,8682661
117,3691724
116,1911563
111,693172
111,1744187
110,1672006
110,722713
110,2362382
110,0192567
112,0387785
110,1324819
111,4756693
110,0371887
110,8293769
111,9878646
112,9510974
110,8840737
111,0531126
110,7672179
111,2685054
115,1284835
113,0383636
110,1590567
110,0554183
112,5980225
110,6175153
112,1640258
110,1183916
111,0515119
111,8213742
111,2984762
114,4588868
111,8024158
115,6303342
111,2610031
113,1725755
110,6811792
115,0004302
111,1077119
110,668829
110,2516949
112,2199046
111,8369741
111,5451529
115,061315
112,6208649
110,2834992
111,1498334
110,129464
110,5054112
112,5199845
110,3533281
111,0014621
111,802493
117,2849104
110,2520221
110,0144317
117,2607572
112,3985055
113,141846
113,0728337
113,6855032
110,6040312
110,4834339
112,2739734
110,3943593
110,8981682
111,0078168
112,6081544
111,4165638
110,7206524
110,0461235
110,4859489
111,1741955
110,1201662
111,5754156
111,5408209
111,7755532
111,7798019
111,7571005
112,9284766
110,0331241
110,6344756
111,7272507
110,2539054
112,7327181
110,2431627
114,9535124
110,8418566
112,7245756
111,5782365
118,0326182
110,8794291
113,3135098
115,5981605
112,2736928
110,2201637
111,0069607
110,2030881
111,4466528
113,7722388
110,5524871
110,4372443
110,4919253
110,6713176
110,8619318
117,2749424
110,0011319
110,7433054
115,2752875
110,1294065
110,7178111
110,5898927
110,2844471
110,5600322
110,3907578
114,2153756
110,275727
112,4675111
113,4559785
112,0448025
110,0484806
111,269615
110,0659948
112,1948181
115,6208282
111,1460576
110,3492173
111,5039416
110,2660461
117,7794266
115,3998464
110,0587169
111,6318518
112,0166766
113,3052188
110,8883708
111,6858974
111,3116412
112,0093655
110,0268654
111,0277229
110,85179
112,4104471
112,5858776
111,0929855
112,8826209
110,725224
112,4947322
111,0923863
115,7022926
110,2081098
110,609848
110,6828421
111,0272959
112,9144095
111,0614339
113,6862268
112,6524905
110,8556188
110,401235
110,2044931
111,4555353
110,0686851
110,5900254
110,0161046
110,5976479
112,28919
110,9832566
110,4281876
110,9457483
111,069611
110,0474259
110,241567
111,2067941
114,8290295
110,8488858
112,6288859
110,4191285
111,8169188
111,6522882
110,0096056
110,9115196
110,7830486
110,4115064
110,7417276
112,4732572
110,9434965
111,1368421
110,0084662
111,8866765
110,756416
111,1408764
111,6702312
111,8716012
110,1788239
112,1045498
110,5822785
111,0238927
110,9027935
110,5116266
110,239708
111,353827
112,4991483
110,2642448
111,7561526
111,2573443
113,2218074
112,4316717
110,934866
112,6258102
112,7244337
110,563362
111,4767005
111,8994682
111,4854373
113,6372866
118,5533878
110,4602261
111,6177941
110,288425
112,7547406
118,100034
110,9143089
111,8830894
111,7735899
114,0915111
110,0322414
110,7062773
110,8755096
110,5458943
113,4263142
114,111825
115,4463989
110,6627617
111,8473205
115,7278814
111,135282
112,3470544
110,2809129
110,3024545
112,5109963
110,1020261
110,320223
111,663012
111,4046803
111,203052
113,4936843
110,0801144
112,1865114
110,9667486
110,3428665
110,125172
113,3482484
110,0027657
110,0684086
111,1900897
110,239349
110,2051052
115,3924019
110,1190014
113,6339328
110,0687256
113,4646183
110,3947435
110,0990369
112,158143
111,5920584
110,1924361
113,2170792
110,3084634
113,2249726
112,3827598
112,6301072
113,1889588
111,7741055
111,1583216
110,3239653
112,3489278
110,2477005
110,2474563
110,7695985
110,8001415
110,0048741
112,8202708
110,564939
110,5368377
113,612509
110,4549806
110,9169601
111,4781792
111,2560177
119,4143246
110,9625972
111,0142375
113,6960345
110,540133
110,9531745
110,4630039
112,786657
111,3064807
110,046346
110,1121896
110,2264721
110,0370282
112,2943172
111,407216
110,0799189
111,5091271
110,467695
110,799768
110,1833414
111,2412794
110,6495623
111,4379313
110,1430486
112,0270727
110,5980189
115,8095718
110,9341242
110,4043365
110,7302605
113,8049751
110,1262555
110,7184222
112,6121264
113,6352779
110,0077225
111,2542101
113,11988
110,2015384
112,3564382
110,7399381
112,1108035
111,1105701
112,6848348
110,4663717
111,7770021
111,9042098
110,1459297
115,9276157
111,4008932
110,1305705
110,5275329
112,240042
111,3656865
110,4161227
110,3247631
110,1443606
110,1316629
110,0149152
110,4651937
112,1820636
110,1604094
110,0498005
111,5794
110,1481261
111,4386599
110,1981448
110,6447732
115,0270448
112,5754814
111,0379149
111,6931602
110,0670331
112,6538101
110,7660137
113,1155605
110,6483181
111,3387342
110,8998842
111,8517803
110,373876
110,7851825
110,2747294
112,1790053
117,2720691
110,8665504
110,0938078
113,1250053
112,9500283
110,9516034
110,0460975
115,1072127
110,0327819
110,5311731
110,4774899
111,3969782
110,5302876
110,5509504
112,0259698
110,7635262
110,1853826
111,0284605
111,5433316
114,9657451
110,4204557
110,1913606
110,6349652
110,1803721
111,2581699
110,4319678
110,8748727
110,9220357
110,8616973
112,9909759
110,2421573
117,05642
110,2925029
110,0931875
111,0980225
112,6774191
114,3153117
110,5616625
112,2163834
110,3846741
110,0920155
110,8532928
112,4308731
110,0810271
111,2276237
113,6030436
110,2928931
110,0084787
110,2441125
110,856723
110,6782957
111,2661463
116,3741546
110,4395912
110,931806
111,7641787
110,4722737
111,4791099
113,1847848
110,8594473
110,0217343
112,1079722
110,1142167
111,3851149
110,3702993
110,5169524
113,9688483
111,9025828
111,2448134
111,3946207
114,9292816
116,0047143
111,437492
110,5317823
111,7594432
113,6011269
110,8941316
110,0599575
111,1373313
111,6682427
110,7775441
111,0034457
111,7226194
110,3141464
110,2706703
110,6993754
111,2713345
110,2213982
110,8868475
110,5099687
111,1945286
112,1257837
110,0037106
110,2102986
110,3616132
110,7290087
110,7102938
112,5110727
110,4006977
110,343147
110,9175776
110,7796287
110,928765
110,1945592
119,0228488
110,3792346
112,8386336
113,4312412
110,0211884
110,3970147
110,3638821
110,0515703
110,2845126
112,6939147
110,0090686
110,1552879
110,7674734
110,5285938
114,0892375
110,5082395
111,7442049
110,9614279
111,5042384
111,9370923
110,5377357
110,0593906
110,0279008
110,1525904
110,5466666
111,898271
111,0936994
111,2858407
118,9756387
110,4962973
110,0733605
110,0760225
113,0972502
111,5928407
112,0323894
110,8458812
110,8037974
111,3626414
110,8234498
110,1591506
112,611553
110,2745766
110,7250362
111,9601389
113,0137347
113,5430233
112,3740121
112,3608444
110,140079
110,152154
113,2352442
117,4068673
111,4261616
110,0213125
111,5257733
112,2369482
120,9986101
110,0407468
110,4988213
110,8505027
110,7873225
110,6900302
110,4603612
110,7090401
112,3224266
110,5243289
110,1605701
110,3181989
110,6464153
113,4220338
111,407784
110,8066766
111,1713811
111,3820766
110,4628487
111,4774228
114,617684
112,0453147
111,1293213
116,4347033
110,2067386
110,9454572
110,0679672
111,3607626
110,178726
111,4943908
112,122141
114,182563
115,7643217
110,1939195
111,2169997
113,3831619
114,2260574
110,3702933
110,4140673
113,5924627
111,4331113
111,3103514
110,7520126
112,2432465
110,6724496
111,1216678
111,1423487
110,6515777
110,5150383
111,9433138
110,3799262
112,2990291
112,5733466
113,4194965
113,6525742
110,7011973
113,7440146
111,8198705
115,4530946
112,9294493
110,4826719
111,8226878
110,1734406
111,9165483
114,373038
110,1090978
111,8643995
112,0440097
110,4639567
110,5444995
111,0485648
111,9789686
114,4168855
119,1668873
110,624156
110,401766
114,5229114
111,7522958
111,079968
111,3817612
110,2403661
111,6114381
111,5834155
115,8593025
111,4753542
113,5234841
116,23931
113,3691747
121,4099051
111,9806419
110,0334043
112,7257999
110,087923
110,6616869
113,3942839
110,0700571
110,2016284
110,7622387
110,8233251
111,041847
110,8117307
111,4575846
110,4319978
110,5196694
111,143322
110,2259106
112,1234436
110,7790431
113,4932326
113,8424898
110,7414232
110,3007905
112,1635842
113,432867
110,5249688
112,6763283
111,3623618
110,5114948
112,7954894
110,0870809
111,0874389
110,7411145
110,6762933
115,1039933
111,220942
110,7449104
110,3008507
113,0956703
112,5890102
111,2933404
111,5386802
110,0006728
116,6900398
111,3452493
110,2640748
110,3648391
112,6705052
111,7378426
111,2317197
116,1838198
111,1253867
110,5778487
110,2817294
111,0142663
113,3933927
112,5359187
111,8008039
113,3001291
110,1151185
110,9566578
112,8933058
110,9030378
111,4373101
110,7989596
113,0504853
114,1324619
111,7203901
110,606673
111,3083553
110,7679124
110,0217742
117,1161527
111,6796602
111,6097335
110,4850347
110,8780654
110,6571905
111,2354591
112,6113269
110,8179539
111,2205667
111,1408958
110,8402768
110,6268411
112,0076987
112,8371599
112,0571565
111,3804671
110,806692
112,8385669
110,2247138
112,3157775
110,4849982
111,4371303
110,2868713
110,2313341
114,9550793
120,3740911
110,6936882
110,9482735
111,3099624
111,1463214
111,5797877
111,9719535
115,3945619
110,3325409
111,3284849
110,0128476
110,0185545
113,77028
110,3701509
110,4037248
114,7738921
114,458191
111,4499114
111,4232555
112,9079825
111,2140312
110,9212442
111,973595
110,0342322
115,2633422
110,0595718
111,1715667
110,850736
111,2338993
112,2102922
114,1877298
111,2923031
110,1421401
110,868454
110,707053
116,626175
110,5033186
113,4278549
110,8811462
111,5236577
111,287659
111,1654907
111,3553644
111,9962031
111,0201461
112,0392756
110,466444
111,0330202
110,1607731
110,0367564
113,2681299
114,0939623
111,16135
112,4522479
110,7898495
113,2751274
111,9115192
110,8752167
113,6926129
110,8152177
114,7992002
115,1126501
110,1629794
118,7921455
110,0103908
111,8243692
110,0222191
112,625705
111,0632569
110,9562956
110,3208816
111,1634345
112,9160567
116,9805192
110,3508821
111,2780551
111,6503656
112,6003106
110,6543456
111,4772106
111,0122269
110,1089373
110,9879087
113,581227
111,2881481
110,547285
113,9629076
112,4896826
111,1195143
111,0878148
113,1396477
110,7296979
111,2950554
118,9408052
110,5248984
110,1801665
115,6889432
113,2814224
114,324535
110,4184242
110,2657883
111,8818542
113,6495914
113,0619837
113,6517114
113,6161848
110,1201924
111,6807733
111,4127368
113,4416899
110,4633809
115,5105008
114,7331753
113,6042776
110,8694796
110,5586024
113,2291919
110,5115809
111,6373359
116,6177368
115,7318703
111,7556349
110,4517771
112,6915183
110,2120409
112,1699211
111,0684144
110,0429556
111,6792689
110,1992493
110,5921172
110,0520444
113,3458221
111,1462828
110,3848685
110,7364201
111,0794261
110,1286698
110,8829276
111,6387162
112,902835
110,831379
112,537219
110,6282212
111,7008435
112,0248142
110,287206
110,5993053
113,1534558
112,8818922
112,7425293
111,3030579
110,8857492
111,13965
110,0403679
111,5372496
110,2122453
110,0372979
112,9067756
114,3879064
110,3468621
111,1647143
111,9772276
110,0866064
113,7763512
110,4295089
111,2364119
110,3475198
110,9554613
110,4626212
110,1811643
110,8213231
111,0360575
112,2132295
110,6478961
110,7734657
110,0577649
110,7656056
111,4848778
110,0234389
111,6226603
111,4492972
110,7816012
113,2800489
110,255663
110,8723985
110,5026105
111,7545222
113,465069
120,4006422
110,0417742
110,1065204
112,9842433
110,2241468
110,5238187
110,3399732
110,5709112
115,0950774
114,173668
110,6849144
111,3348899
110,5984975
110,9852571
117,7610877
110,323128
110,1607082
111,2286594
110,2576005
118,0482982
110,5570227
112,7357305
110,0037097
110,8068823
110,6777717
110,0095888
110,0857291
110,9518336
111,6255328
110,9047066
113,2494653
111,5553198
111,8215107
111,8129659
110,0385592
110,2925239
112,6671194
110,4530501
111,5528007
111,0028456
114,7966033
115,0040069
110,5118704
110,113014
111,0935634
111,5140496
110,3200665
110,6798283
110,4217986
111,171947
111,5566881
115,4334817
112,9917996
110,7787349
112,2056032
110,3322993
110,8931667
110,5617747
112,5511441
111,0024391
121,4984327
112,1018346
110,3928117
110,792153
111,272297
110,8879932
110,6023692
111,5279388
112,3226432
112,7809955
116,5831661
111,7339228
110,2378973
110,4556532
111,0799401
112,4618699
110,0172643
112,9438466
110,6837604
114,1377211
110,3914124
110,9910163
110,2099929
111,2456027
110,8828645
111,6275442
112,6724024
111,0541653
114,6212046
111,4630623
111,9366288
115,1603342
111,1413012
110,4268229
110,1976123
112,7058683
110,9283731
111,1237016
110,6376858
110,3723837
111,1384877
117,8117688
110,5288437
111,2422969
112,2186831
112,4569585
112,6833244
110,6546316
110,1003698
116,3775266
111,9451524
113,5168779
110,501278
111,6586919
110,640487
110,9936284
112,2001539
110,0791329
113,2164728
111,6867765
111,1528173
112,0972186
110,8706438
111,4433473
111,9174995
112,5768597
112,2838191
110,1198442
111,1334558
113,2022441
110,7881137
110,7149455
112,8608968
110,4663598
110,806869
111,065589
110,7278838
111,4201581
112,3525032
118,3965195
112,4926507
110,5926569
112,3720603
110,4152112
111,1357093
115,1135427
110,6655124
110,7456542
111,7373869
110,9143664
110,038735
110,2318435
110,0705862
110,166969
112,5571678
111,3565016
112,7454072
111,7824592
111,2377776
110,6575072
110,3054251
110,6922288
113,3001241
112,1205729
114,5675554
110,3191934
110,6910401
110,0818136
110,7224103
110,3762019
110,528988
110,1294615
110,1949306
110,1648163
112,7623552
110,1212082
112,3515689
114,0119569
110,3094842
110,62492
110,1912166
110,8830544
111,173127
111,1394119
114,7661091
110,9215282
117,8993398
110,0267636
110,4311979
110,6248755
113,3842294
111,9562901
112,903637
111,6373351
112,1512722
111,5906734
110,0915803
115,7278493
110,1885631
110,8451851
114,8622888
112,8754485
110,8304499
113,6175644
110,6055672
110,8467658
113,7689013
110,3325341
110,8229815
110,2645016
110,6164992
112,9335
110,0934277
113,4728571
110,5815489
112,381007
113,5455896
111,0445521
110,1700174
111,4711887
111,1676461
111,0991959
110,2662193
110,8047647
111,4801947
111,5253332
110,4533728
111,9770838
110,5022019
110,6797781
114,9660071
114,2963672
111,2703482
111,5056556
111,4323982
111,6159005
110,487913
110,4286166
111,1183488
112,6679508
110,1099891
110,0547079
110,3160366
113,1302803
111,4101907
110,2542752
112,1729696
111,4430517
110,4545998
110,7508826
112,5876805
110,7726469
115,0667402
114,0163277
111,3690986
110,2494691
110,5230088
112,0059845
110,4751332
111,9414449
110,8087348
110,8651463
111,4204361
110,617267
110,90072
110,0120742
110,2226235
116,7922041
110,7376671
110,0187177
118,8011135
110,0877017
112,0567188
111,4797261
110,1759718
110,5437675
110,6534053
110,0368096
118,776253
110,1668528
110,0912003
111,627122
110,1735293
111,9821595
111,7326345
110,1524373
111,0758188
111,5793855
110,1019113