138,3561489
117,7600312
60,21850856
119,4837207
145,6707984
56,80695603
26,97167703
39,18035964
107,0317091
192,7657071
124,8984052
57,00580005
215,3327082
32,52912072
229,3671016
143,4692997
152,1019659
36,23490485
27,12258432
63,91573534
133,0145021
35,87944064
213,8021002
127,9628932
142,2380035
82,36568835
104,7579176
228,2525014
134,8994937
114,1316294
175,286085
196,8540317
229,0477596
82,47763694
196,3296736
67,80211541
225,9108957
140,690506
90,51430042
118,7628666
122,8745792
140,4304149
193,2987121
238,5883487
343,4233614
142,4785649
164,804455
273,3721573
127,0257824
115,2656778
345,893695
239,81244
126,2835477
161,316169
121,1338696
109,9049229
13,44299913
150,959606
130,603638
90,19523493
130,3195388
109,8040127
61,6344113
129,4111825
143,0302299
153,1682234
22,08838664
153,7596167
129,585933
194,2380545
150,7207831
132,7966178
100,974435
148,9926111
141,1151915
121,5553736
346,0997753
-17,11004901
52,38880544
55,09643244
138,7492102
207,2819636
65,17907885
77,57181522
36,44817565
318,4968344
64,73444324
307,0211501
230,3252652
85,45243632
132,2940155
161,4877367
162,9155513
33,18182511
129,3022793
69,18898261
48,97285629
147,9343771
172,4583138
225,1980768
69,55913884
182,8977127
156,2077503
72,07396671
136,6959444
121,8330802
102,2564108
125,036076
65,70492669
167,072395
124,8725192
116,8496706
264,8136853
94,57034158
115,9236707
198,7987582
104,8196048
186,9080553
129,3673333
29,40092872
124,4531107
34,33108229
145,3577798
32,25486264
74,00593905
108,4844586
61,91735422
101,6149991
99,21198127
189,9641563
349,1928466
172,6411399
76,71875915
57,71665089
186,9772966
215,6318813
77,12533263
133,1018573
130,6312061
311,7776718
115,9827197
256,162372
80,41269818
204,5946667
19,32863398
85,74011177
213,2142047
16,14946261
118,1811718
100,818232
114,717249
23,80210159
120,2970137
159,0201596
21,05025343
41,77236933
249,8866586
87,65550908
38,95724107
179,8264022
142,8281731
184,2726233
119,691021
50,52748111
56,51544468
94,52427756
92,10689031
158,6521111
229,1527121
145,2063871
120,5327687
131,7631866
444,3807792
117,3986902
120,2230046
225,122049
15,92216398
131,8684956
84,51204414
270,475221
118,4541527
160,0280229
230,7186774
176,3098212
174,827558
162,8307786
141,5302038
71,44938416
28,5546201
92,46593488
165,4430708
122,6442649
53,07033689
102,0999697
192,07541
105,0815479
61,90384758
117,1319548
103,2476797
138,2445425
235,3909436
103,6018572
72,00015771
223,8527181
182,116433
184,9009088
89,67919033
209,385945
21,13787333
184,6468468
218,3915643
127,237503
183,55921
91,41189733
35,18247802
134,3545541
100,2808781
103,3584259
127,6962474
213,6711242
82,59441859
133,9680685
141,6796679
148,0023803
60,3323618
159,0795303
118,4968788
99,71067971
34,73125949
192,6893571
132,2204003
65,52726515
118,2033077
197,3676898
170,5132685
179,8254152
173,7489656
189,9942508
203,5979532
98,73732363
277,1421854
144,8986148
170,0576258
148,6308306
166,7008416
157,0495596
332,0789377
120,8923213
91,22402829
49,26073534
201,4763236
98,0183693
104,6854829
182,8419458
65,00083818
150,0822138
40,44881712
90,47421867
143,3034072
125,9142134
68,17464822
106,9163304
165,1571948
136,5403232
168,807699
123,8919107
69,03843203
129,6567411
236,4627374
69,9105978
117,1669732
43,61840665
277,0239789
77,69766237
99,26760352
162,4323972
132,8806209
300,3214136
87,35683507
379,5099116
40,9372371
59,06568531
118,4876348
125,4173165
180,977844
60,95563704
270,7541223
82,82755046
98,89990573
97,6970805
100,3390018
142,0278893
150,4928845
149,0107956
87,46741351
124,5137137
200,6822825
341,8364978
283,008815
56,79916182
200,2480043
124,6977753
58,10021147
41,368056
259,6197773
237,562006
104,4876279
161,3563288
42,02284835
64,88232473
299,080133
158,7025083
146,6242571
102,6936881
54,74346762
93,10046993
79,02667653
236,3014579
109,4639499
292,4459547
77,18051738
141,0683859
320,2675054
241,0531006
104,9866719
34,66683688
169,2314024
199,5444973
125,4966853
231,2616022
65,56466332
238,0242547
82,64708635
91,5095721
144,6182734
178,5454188
145,6039713
102,7802248
56,19521505
63,9836973
105,8589985
149,0008363
126,7069565
75,00416972
168,1262588
129,5734934
303,0147072
348,0982271
160,3475696
114,2736307
88,7349457
23,75929207
251,6344462
205,7946927
169,8972479
87,08477273
160,6232769
37,61971411
125,5214338
114,5415473
342,1622466
65,50931986
125,0714288
38,16160575
156,3949683
146,4399917
135,0412581
23,32166327
125,8092227
133,3368657
238,0435162
171,7539987
134,2607472
2,694642026
89,40118113
36,60941834
63,42959622
48,14967769
77,70524293
134,9407269
198,3236684
137,425026
100,3986135
80,14274513
112,3324047
70,68390829
236,7887747
13,0394756
315,4484688
68,59968486
78,71574345
154,0082001
142,6674614
69,14782885
57,83747422
126,1152543
81,90768356
84,99573806
139,7589172
154,4839676
107,4100594
152,348762
330,9333923
197,6445135
72,4767446
121,1962167
60,39793666
65,22790942
115,2077768
163,0624088
77,15890568
84,11956678
101,0134389
186,1374098
187,5856422
31,66217413
194,4765892
161,9442727
128,6963403
255,9425633
49,97733874
106,1291016
139,2844006
115,1509567
314,9914687
173,9271268
407,6748856
308,473248
82,08221555
46,76389407
218,0726303
156,3358901
117,9812505
94,72014706
92,54278163
75,54933994
160,4974307
114,5559789
137,8135743
217,6541804
214,601665
94,42322552
94,43795962
331,6819064
260,4260762
207,336072
259,3688011
341,3874745
298,2282398
75,71919392
170,3890597
164,4412267
120,267964
47,22411252
56,00999213
81,94730532
93,95326462
62,14599654
174,7260708
157,0755581
287,2848296
172,959873
236,1479966
56,56748696
181,846525
133,0711418
34,92366725
136,8354185
61,20417099
107,2820374
83,19576768
129,0610257
151,9951381
143,3207306
104,285226
174,515704
120,6086716
129,1851834
216,1201279
154,8880371
130,5642761
61,32152517
96,30059875
248,7820605
141,1766473
44,4086793
58,27339043
113,3358299
104,2262351
195,2806434
118,7484284
88,94589722
124,1174009
29,15535503
170,2813541
55,11385939
119,0528996
81,29377671
137,8386483
126,7541818
198,459996
123,8164773
33,87052084
119,6322875
216,2781528
85,64886856
23,42487214
138,6108456
126,8366219
154,0315097
178,7533047
157,4751751
109,509146
284,7881152
67,78148901
128,9474661
282,3815474
2,206752619
86,65575466
243,1220225
37,78404653
78,13485515
141,9048388
123,4501334
97,09886836
206,2443821
175,8891467
212,438846
197,3221767
242,689743
22,93527658
111,5820388
96,30423625
131,5663088
16,38936617
189,0361164
-13,30241154
162,271416
300,6656576
216,6466837
119,3792072
136,5395039
97,80157405
119,775334
162,1063972
179,0635099
71,18294363
52,68207276
115,3373857
80,66947027
240,249507
134,7821389
134,3605228
-7,946445893
58,58651221
108,5341746
259,3486006
152,0770843
128,8150403
147,4410029
209,592476
234,6781908
119,5507494
1,984116011
141,9788067
146,8419808
21,93668532
76,43048032
19,72033959
156,2591022
125,8589857
235,0864475
107,5681995
54,43604796
91,16897358
23,32329085
104,9859064
184,763829
43,56162702
109,6738623
67,24804154
141,08403
81,67250507
113,4531844
67,94249499
11,69285664
100,8842579
165,2130984
64,74573606
25,3152232
106,2655885
168,1320474
122,0549555
-27,43942545
175,0174593
246,9366303
99,53106306
78,24124878
205,99391
127,6929048
163,6800029
97,02737815
172,8359454
208,3100616
142,3552361
113,2640565
81,00236786
192,4905393
146,226606
74,51449636
25,43925845
140,5325955
63,5997735
83,59015779
167,5553127
170,9899202
105,62906
29,30969673
120,9728537
238,1025635
116,7538792
36,11128251
65,11833317
93,02084773
92,86133826
487,5409085
80,10136084
198,8267697
88,47001363
118,3757125
66,13080454
151,5207378
125,0516755
222,254958
44,11810257
174,3811674
166,6804338
243,2501738
167,1351007
87,86194235
289,2894795
46,8896682
136,8130405
125,7200485
96,0148223
128,9582619
116,3660709
67,30193074
189,1314469
144,8966835
40,04750307
110,5501726
10,54714288
86,57932671
199,2824978
192,4985781
225,9100396
330,0436761
113,0723441
87,00077582
143,032528
155,793826
134,2247073
73,93365683
94,52436803
200,8748157
387,3368108
34,31559495
60,42715388
106,5247528
100,5996802
152,9545984
151,8179967
62,74546034
57,07805868
106,7499138
124,8121943
87,41102173
162,996099
175,158391
44,39958027
83,5265547
386,2745259
219,2364364
64,18708711
463,6578166
98,4792211
97,70037794
56,21373246
199,1213849
178,6301047
237,0544496
67,34270317
70,29639251
90,50008093
48,92029316
81,14720198
125,301031
291,7704227
152,3439381
200,9621594
311,9115375
196,8940629
158,5807736
132,3751833
116,7978942
57,75078157
61,4697002
451,389736
539,0803686
109,8197137
65,9545071
177,7720762
154,0509761
180,7775949
231,3466528
41,99070216
147,5926944
89,23066462
26,83532059
138,2249983
73,60081198
93,64495765
111,1218578
106,7201134
78,04809554
85,9026126
181,3571196
100,7640031
80,5300577
160,3542529
153,4577587
244,6431305
148,4130838
125,3519889
351,9905169
224,3471911
150,2032473
276,9802732
78,53759906
51,87199662
102,4974034
202,3450295
188,6586052
166,1180138
81,57822686
17,61629476
111,2805791
93,3866077
119,971239
112,8214756
231,2565867
149,7065446
193,7235732
219,8988237
197,8891625
143,2956322
109,1898472
19,25540039
99,14022264
111,7232648
164,257569
62,74663886
35,565374
201,3880224
194,7922607
129,4701463
199,5997936
159,236364
143,6379909
155,6074488
137,1507495
78,88023277
78,45680774
56,73764548
90,9236464
105,2620003
166,8561805
100,9959513
-0,234160501
213,4091625
94,21380993
102,0022783
165,4960634
159,8124227
125,907549
144,341144
137,239534
237,9441678
86,76851727
144,6681242
112,9763618
277,2259003
241,023688
274,4798419
282,719026
41,20378927
39,87336822
167,7500254
173,7602523
118,1965591
285,7893422
94,55992461
189,1847422
128,2809809
87,79355941
69,79274505
189,3175136
116,7886837
139,5455806
84,3069555
99,75655989
295,1608814
74,2906835
101,1134273
80,82062633
130,0851721
39,63831024
218,8074514
194,4247308
57,71244461
156,6614597
55,69241345
196,8650538
101,1615891
196,4585269
150,6569853
158,9709982
61,22737688
147,4043446
132,2181387
87,50929742
226,273278
201,6206154
258,6280625
140,6452719
109,0492713
164,3527824
72,90137428
131,4308759
142,6054109
109,6335025
40,09443731
258,9264598
217,2408075
209,7676396
187,1241273
156,1967152
210,317343
103,2787094
45,54372672
163,8036366
145,4651294
65,8774953
114,0869479
15,93622576
206,6825878
47,03658981
76,80664308
83,61448903
99,04488834
165,0978196
163,2520877
87,68561359
118,1745507
49,06110041
186,2216699
93,31984114
170,7243333
144,0800326
166,9037179
158,3889472
110,3839155
115,7868632
91,69399813
71,20869898
87,55201094
147,150646
71,98543944
356,2813437
54,05678127
80,92191535
121,1113124
201,6398848
69,07501306
165,0993673
196,9214601
105,9199654
34,29517056
92,57137286
286,1580435
51,14967949
32,52831006
207,4937653
34,29509655
80,19351111
108,3660571
103,708653
147,0949857
48,32771711
195,4363718
154,1252236
205,4152675
116,722114
73,49524911
123,7051702
277,3326852
44,03967612
179,0514142
81,04278634
34,56981047
125,4657819
183,0028949
143,7053379
46,53458615
41,91024911
184,4919934
263,1787824
113,8179562
32,79422426
65,26619257
66,86951118
18,17175222
37,51215931
121,1133754
73,89179237
151,8434963
429,6024223
153,3909706
72,30770049
230,7302407
198,1269737
153,5042501
87,59019601
34,83752219
157,5216832
136,3568799
97,33902523
185,5988616
51,35744485
173,4989251
41,77222565
101,1228414
217,6534059
74,88392911
64,84189666
83,19765176
151,6278871
68,25492582
79,57024135
103,7719826
84,84674738
129,983884
109,3834452
218,7619854
167,8954656
226,6140524
88,41899741
119,4264466
173,399581
119,6940166
250,5467803
311,4920203
54,92951868
214,8896229
293,122875
101,0270985
160,2723092
174,2990118
146,2946472
61,89719196
128,2041323
76,80347192
14,72494962
66,27617005
293,5202906
369,7034144
58,12618807
232,3668914
48,78364638
119,9839858
212,9573713
225,0314316
70,87070965
36,26248717
136,0835133
86,79727763
35,74426922
162,0035027
131,4796197
79,82135336
198,1214157
182,002815
129,5221854
37,99928962
98,5836202
93,86309223
154,2357252
188,4944494
98,14054423
45,62450489
94,8512363
198,2863928
113,2842618
20,8921741
164,0034906
205,2823801
222,8673144
75,45083918
68,21647146
291,2561911
117,7033484
252,2905544
66,67646551
126,5344352
95,89062525
250,4130316
90,0405843
205,1969148
40,58735126
144,6071769
47,4452281
130,3554375
30,21706613
121,7223108
104,2080474
100,5009505
7,019553097
210,497694
86,5019375
76,84644702
72,68786884
124,3052446
67,87944111
30,08228736
167,9180543
107,5840185
117,7465076
116,0792565
170,8217945
262,6064834
174,0018018
-9,420881619
173,2995822
50,06323009
77,2341155
34,4449835
32,56213935
149,5999994
142,6258575
88,03941204
107,8293906
83,39698337
125,7278747
103,0165246
23,38537789
215,1885156
87,58293074
126,421188
254,8912017
106,8575838
147,7534317
111,9001211
57,26063095
80,05201624
38,03839214
153,2709404
160,7899578
70,10577895
219,5047817
183,4588801
143,5844592
100,3942605
-3,614322589
104,2853339
113,4870919
93,18271265
100,4657872
121,7842007
58,64102888
69,30437899
80,91142353
152,524838
213,4520355
175,7724531
243,8299798
25,79623562
130,3244172
97,83016107
121,8412429
133,0201252
146,3536414
197,3094444
69,99326743
102,8473272
147,6736582
114,6982641
169,9810154
70,89816749
180,8301263
123,5982914
23,2440738
224,4608821
87,26187986
96,16119133
156,2705055
61,27203624
95,61104662
217,9906298
88,80545425
102,3341162
146,8462069
38,21908472
137,7444703
38,3292182
89,91649688
63,48714858
121,3967414
319,619613
196,9756227
102,6837925
207,3514375
69,68400882
108,0994518
215,8356257
170,9860418
142,5901682
78,46032123
224,5920757
71,3543104
56,41179396
109,5250744
229,2789112
84,56783819
71,72340222
62,88461418
89,66775656
277,6092111
23,70870469
87,75981913
67,19325952
54,11970466
92,21385151
78,16971998
127,1606243
200,9795697
84,78316671
115,1210318
151,8953404
91,98238516
97,46147655
105,5981123
81,28840602
231,0718762
71,40859895
2,351295079
94,77830651
281,016077
409,1863808
8,605996731
94,76303623
40,11524692
16,65898651
88,61407797
154,3471515
128,0824958
127,419749
302,4444925
234,0597236
60,06907468
59,63290393
302,2412895
221,8788511
102,7880903
144,7098637
157,7146252
197,2657792
307,9179874
122,6454294
112,70529
144,794706
90,4144449
189,5604927
222,3982768
70,17482225
55,78317392
130,3999942
328,1797686
86,93521486
133,4923969
80,81576928
100,1592676
138,8796249
78,28397906
202,2558145
198,2714829
240,0801059
15,31422486
410,539703
87,82906603
47,70019736
31,42994418
387,0876351
54,97766456
232,3582901
134,8982509
46,07597665
246,7679377
159,5170966
61,36944037
74,73047393
82,63715167
317,9975237
138,303331
85,76092349
123,1979576
141,5324625
125,362538
207,9263732
74,47632036
242,5286066
14,28471901
261,7104328
119,0266379
134,1677825
148,4780005
355,7592617
128,7175769
82,50528315
111,0295824
67,36284913
67,16818668
109,5166203
51,92659611
42,19886579
125,693188
58,19601488
-1,896801304
79,99725756
185,2329434
148,7492044
140,2684958
188,200459
193,3809928
166,5583961
82,62958285
241,0585885
132,9746887
20,98518717
57,96431546
180,0956505
148,3692363
243,1292991
130,6927406
42,78077777
148,5808562
191,3054011
22,50149815
120,1952136
152,6121563
146,3201017
122,3865019
150,0977741
-21,37990803
121,1488832
202,450995
212,3752082
284,7138686
94,87731602
120,7242439
202,878114
132,9469614
46,48396436
179,8758878
182,2730407
252,52295
133,187465
180,7866162
89,49814455
102,7616922
171,5547206
98,76637079
272,8423085
183,5987714
34,70066493
324,5967665
48,5260987
97,22528174
51,09184444
85,99901303
70,83042905
31,31309114
98,42530012
121,7875017
39,3953763
200,5070004
155,0482364
196,5757251
234,929513
130,9052775
111,2104825
57,09125566
81,57746469
133,8308654
280,495696
144,1557573
78,79086746
99,18916904
88,17941192
67,81491815
133,4035758
84,16511286
186,500863
98,53188768
139,9969703
233,7334083
336,7528774
74,49753177
121,9998338
237,0590941
277,0790627
220,0683732
459,0303566
83,53306147
61,68517107
76,78999005
177,8142067
45,18063074
68,61898864
212,3689561
151,5580722
146,5384464
90,49443611
400,2260883
21,22419391
235,5093696
-9,836452097
86,30480318
298,67017
80,27313874
114,1960485
66,31462253
71,50922797
139,497561
218,5753954
58,16145424
91,14785622
93,67023162
40,55820481
69,8900812
44,56778552
73,09622436
134,6778959
161,3214048
70,95338614
25,51772309
155,2811508
72,65151123
102,48015
52,80553545
101,7698449
84,42852701
124,6483192
104,8453591
141,5776233
95,75252612
181,3581738
37,46356962
145,9937863
170,1313576
188,7437364
161,354382
82,20949817
18,4141996
156,3304402
246,3980267
67,93936832
268,5348321
161,2782764
190,150247
134,9215032
131,5857068
116,0768243
37,26600906
94,80303526
141,8403667
235,0054722
155,7190883
102,9572332
50,60962166
11,68917142
111,0307842
193,509014
139,1550603
229,201521
199,6319097
126,8685467
157,1818286
101,820706
19,59055639
56,04877824
57,00119839
222,4318936
118,1795265
262,7672754
208,6918178
146,1350169
506,8032655
122,1413711
190,6095213
89,41007067
132,0676678
75,46955321
134,9092564
123,7161679
151,4294194
192,3596527
91,0291114
79,34702258
165,7502663
114,8141529
156,2497127
20,15748496
137,8544499
83,53702139
35,06486971
241,4089895
66,32463125
60,62284799
180,4862304
190,1971959
130,7228436
142,8656624
85,84979612
0,594016284
103,6366453
174,5906488
32,59433829
92,97398684
104,8818342
124,052626
173,4105376
181,5312969
19,85388794
72,54910289
156,1300772
65,65759221
97,63770739
142,4130369
42,62394803
225,2660249
215,2914044
246,8887209
154,667741
76,50365349
139,8375334
155,6962471
111,8041463
273,7107255
65,6444278
23,08730219
77,80838336
47,63816349
233,6544065
87,98954889
218,9548602
240,7008402
84,18918025
137,5615525
161,9600204
108,4181221
78,72902189
142,2225931
167,6606562
284,0016033
87,10516213
187,0144907
109,7552487
60,69107684
53,58727083
74,44622022
338,2015421
78,03938292
119,0576128
306,2113545
129,8770338
199,765417
184,4383342
192,6336559
246,4040212
101,5286765
120,0941853
113,8021397
84,79914074
90,00213246
61,68820931
246,7085704
116,2935433
287,7166377
135,6434395
151,7011071
98,82863322
87,59165253
46,0697777
70,61326098
92,55233807
82,96940038
179,4045325
81,31690613
112,6216907
226,3743809
-17,43262029
234,0410858
47,94954624
79,69098196
154,5549117
105,5828386
60,81605457
70,10949583
105,1839035
164,4745181
121,8069421
70,3827047
189,6155795
169,6751761
235,3639397
161,4051245
59,53907746
94,69328481
126,6516262
155,2886723
139,5512731
174,2341281
64,27302244
237,0576201
309,4077043
206,8883358
53,52576454
128,1212827
26,44987288
67,88913494
114,5058965
69,77026151
85,97211667
111,7836986
135,4222391
75,92099509
120,330111
81,06452755
104,3170137
123,4420522
86,10534781
12,2554319
72,42654178
173,3324888
132,1594127
117,7840572
151,1543704
126,8150727
191,1533322
148,6551118
123,9234515
56,7491028
241,323995
98,87384618
128,9576117
134,8036056
84,31266482
117,4864767
303,3277462
71,52233013
128,3588748
144,0951454
173,3623737
233,9470314
131,6835281
228,3613432
87,3233604
88,37314914
36,73944327
142,5553642
150,6746381
57,39208311
59,64805444
134,2840239
263,5153283
37,58631126
39,63078522
99,09086835
175,7790292
94,43270115
186,2007207
176,8240619
176,1025329
123,4995998
107,5935741
172,6811048
342,2557284
116,9095147
137,8803612
89,41461179
127,1771491
169,8145505
172,4019604
31,55352277
147,4221732
191,9695765
46,18501186
52,9619081
96,87193601
156,0411804
142,0875238
183,5193401
90,70316315
157,2992494
247,9015429
122,749806
195,5404646
228,2183883
161,0465824
169,7944239
145,1756752
132,6422203
37,0006331
61,58612023
172,3074246
157,7503087
115,3617667
82,65798683
54,58854729
106,0592822
167,5604086
120,6868102
101,6615789
111,9500095
100,3749473
42,67836161
92,41134646
192,9469206
22,06793889
218,5964534
151,153672
49,2843951
42,83663145
229,7694081
86,25094974
171,2048953
51,07958425
47,48250932
51,5619916
203,6768624
83,52295277
143,4643563
191,7041787
39,80894646
69,17368572
172,2239524
50,57046631
59,81076468
122,7040177
187,0108548
61,95504327
93,35402773
147,1550403
117,0344984
102,8345429
63,45497602
52,38481141
325,5377295
176,0588744
88,90976503
78,0859412
152,3189816
224,3882497
92,19050682
64,20954473
60,72951854
134,1768746
101,7270188
230,0219139
142,9799762
146,8280313
187,6104865
33,86765646
208,189868
24,39385096
155,9199233
142,3218362
153,9512581
77,52306876
44,47890104
35,65483872
206,033959
121,4811942
130,712839
-2,069747411
158,5276209
95,05270494
96,42132672
160,8886314
88,27909061
276,3846133
94,87017475
32,45911097
176,3387808
132,088346
115,0742508
164,0360045
110,161622
183,1738015
97,98444186
96,89210824
65,29055504
147,6437551
78,0728619
91,05031024
361,9000328
337,0092441
112,3549843
119,0451007
95,67576875
121,5402561
69,3394057
62,55181895
116,3325261
171,925261
256,0105965
140,0629582
114,7112824
243,2355935
232,6817455
232,7842406
254,4897786
155,7584583
44,13068344
42,6355075
103,1822584
381,4884174
116,9005168
125,3661324
71,48439097
151,9607988
149,493009
221,441767
148,7640453
104,9506707
161,9514799
61,1385956
183,7799523
80,39808323
64,88381347
65,19871449
148,6195832
87,11046069
112,9611494
68,35376708
71,62035462
114,6957747
180,9184252
-9,453252011
175,8802892
214,040134
228,329298
133,4059006
220,5224515
49,25046847
182,8225435
145,9254327
172,3357536
74,45835926
84,99789861
77,39860516
95,33882383
59,91696637
46,84944818
51,81214688
59,06728721
123,6972031
298,8501249
103,1383797
224,069088
36,76458813
65,39733973
52,54358804
49,06230056
119,8863909
116,3566597
56,53246465
102,9157134
309,3507228
186,5871254
177,8183329
146,5674908
61,30250304
67,92875372
215,0431793
132,7473339
129,0183705
74,14641333
180,7316029
331,7452231
116,771142
122,3746898
322,5399894
123,4706401
131,4307708
159,1735909
150,2566623
320,1987174
23,00123891
20,61121548
309,716542
151,9631646
126,7151082
177,0397447
101,5617724
165,3288673
325,8987332
67,72404583
22,26939449
129,4417414
122,8300511
179,7604943
150,9212464
140,0115232
122,4771192
250,7943437
105,5793521
15,47921763
53,36485595
62,0494315
121,701412
95,10249922
114,7931792
136,2192366
96,03890764
42,05010789
60,89811492
117,9243241
157,2894179
211,3741525
182,6970164
52,75027365
134,5806497
233,3296112
38,33327361
115,1842147
55,12768936
121,7892979
179,2776816
117,5100956
86,25009162
139,0187225
83,99542113
356,4683458
44,66694626
80,35659299
103,0101009
105,5411635
151,1243097
207,6376341
81,70666313
202,5337067
145,2417564
66,48879967
102,1187126
118,7041847
85,1956787
101,3840315
61,58487889
303,4604231
184,4372608
153,4328394
93,68481797
266,4027607
160,8544773
70,55402835
170,5043529
149,5353884
56,63456447
244,3854462
274,0212719
87,94750454
102,9733153
59,02408654
175,3333461
155,5847759
71,50303852
83,13392916
6,298711067
81,91566794
152,6920891
107,1685749
95,67746965
209,5770523
109,55939
331,9777128
84,54583281
98,26875972
32,42925598
335,2155407
171,9450703
29,1072771
168,2414963
120,4384447
68,25243816
422,6917803
49,21475504
159,5719608
157,7913927
98,86437952
143,9768624
45,00705743
129,8547766
237,0707644
220,2349156
67,58850658
71,29775447
142,2760615
89,91446912
130,5473432
107,623927
159,2053653
85,46265033
366,7391626
63,54741984
14,10232325
49,29040366
45,37442087
115,4128602
208,3415554
118,8555957
218,8998478
90,48304283
188,7099338
43,80166981
90,63430266
156,9204884
97,43618028
228,6438298
58,44972664
130,1343664
183,0382772
204,4666721
131,4539373
200,9073655
109,6618498
133,6792867
118,7202638
206,0127472
92,43869464
155,201567
34,84501792
147,5250398
90,98624754
130,2092668
92,43322534
158,8581039
62,63088063
50,98189826
289,2583786
181,8192163
385,7298659
197,4005117
176,7000843
246,6842252
167,7405218
93,25895859
124,3701971
1,204205747
157,0163644
124,0167184
412,9728043
113,9441715
161,6011577
148,6091389
74,7344621
103,7718306
56,46315354
47,86184863
112,4100149
76,55062556
88,22597909
76,21392229
159,0993793
144,5412543
308,9322578
95,14748565
116,1959426
194,4791736
172,9913297
282,0763181
79,39385512
59,36183083
40,81947201
33,41223876
8,856556698
88,96449835
62,94751975
116,0644728
140,674163
193,3117186
65,4552433
153,6069141
220,6520855
89,57391508
13,61936897
166,8423796
83,81107094
72,9230285
175,645074
99,36834502
74,07954745
85,99305039
270,7880862
181,0366596
34,34627321
134,3918242
69,8700995
93,37166267
125,5912816
214,2750661
132,9465007
160,7656153
135,7770257
91,16232208
98,40489182
264,7846592
92,39455407
88,17663405
84,5060234
80,74414081
252,5269071
254,2248296
98,83826493
208,724096
148,7597309
18,20087451
391,1664551
99,1791839
34,31116788
66,00126878
262,0323244
116,9536961
168,5811593
113,5974863
74,7765649
194,1068842
205,0864522
47,95824338
82,38113597
100,8236175
176,02587
91,93293938
71,43453675
57,66773046
143,226899
107,351394
161,5222516
129,8759338
81,8719029
302,8368024
130,0730073
118,9458602
154,1416018
72,58701847
108,7267959
140,3821484
31,13335688
287,0393135
113,9080648
66,63461978
267,2744288
182,4052633
85,39288286
290,4702722
43,44039185
156,7867458
63,74727712
165,8328301
102,461125
61,11126098
132,1982393
52,56508548
123,3981235
162,4161196
43,55156777
125,7595222
164,9480187
228,9807719
124,9495237
81,78086288
52,61149317
72,12959177
147,2904526
204,2481771
118,7596622
116,8091409
119,3519812
143,8571166
134,358619
133,0103561
96,59086279
207,4225471
60,26102514
60,96029446
352,1311931
62,38513911
56,6427825
134,3907232
97,47658975
82,93830698
161,9841916
69,60634605
315,4399341
279,5513471
223,4620469
175,2608486
206,4311098
115,0167297
68,91574966
3,661429283
82,74500043
73,23087094
178,5468542
15,73733824
139,0071997
143,4658464
147,2568738
195,0548351
48,44095032
177,1235644
97,37754787
161,7471045
200,9884178
174,6509257
81,22458075
191,0274124
9,342290659
128,9924276
106,7117481
161,9999229
214,674542
305,8760844
78,18509416
44,71344649
345,5197355
191,9718139
152,902829
131,0124582
380,5771425
37,47060576
95,58526478
120,3553082
154,0979103
199,9816635
152,4377692
90,75429924
