2,75075696
4,598276124
12,99996661
6,369635006
57,47738362
4,567702513
10,03747025
2,188495539
5,849443698
8,267407712
11,12510333
10,23656732
4,842182278
9,010228148
8,918679544
6,373705098
7,703243555
2,599201443
3,963396366
4,789345766
4,302426379
1,12805012
4,384745951
3,676442578
3,558446092
8,885759482
14,22003033
10,18338527
30,42881482
82,30355805
11,14858637
11,3128434
1,728614905
6,581234815
5,61975765
2,240198591
12,33888274
6,7066113
2,776096558
6,682583612
4,408149941
5,111869682
9,691626827
22,27778318
6,570850765
5,951302843
5,681081059
6,489888695
5,036122451
3,14962249
4,168887914
5,534522625
4,479931011
6,819095638
1,536455479
4,592221021
2,706304375
4,111673365
9,970077758
6,545275123
7,42549067
4,870313352
6,985062717
3,931401169
6,536436033
12,6814922
4,478774003
4,483883849
9,744907793
13,91989785
0,923449548
10,08950621
6,602510389
4,069086396
11,65077554
5,136806055
5,508954214
6,300660328
2,392753016
4,626150918
4,405100921
4,757787785
5,534744631
3,780663129
2,237564213
1,997761635
7,114516575
3,790089344
25,17345744
2,874767097
6,36120585
5,569967385
4,468980592
5,410977853
1,042250362
3,938604494
6,657550982
12,6908726
4,80627034
6,01032966
7,459717327
5,394646955
3,502024981
1,282210071
4,304708603
3,664422141
4,052466602
3,328633993
20,693398
9,331595428
3,913456611
7,308844305
6,912184337
5,90391937
10,7473617
3,85704093
13,75920436
6,230224967
5,217797075
6,126726488
4,09785378
16,64310987
3,464510687
4,008172119
1,528371322
1,679121072
12,65802792
7,45121709
4,852030613
3,519246998
6,190959018
5,667232635
3,24333452
4,804205126
4,421927537
4,310375712
2,267636072
7,026595689
3,429282904
2,82502272
3,852068399
7,178694776
24,36408409
1,053839016
5,235914087
8,842718545
3,738550086
2,542459047
2,229815093
2,770274654
4,984187067
11,01899499
6,333491032
4,108838151
5,521951866
1,588650103
4,752187149
1,539675745
6,870914667
2,126514725
5,587816662
6,256680308
14,26867446
2,107735421
2,003584629
1,708973554
3,255931513
19,18048646
3,12896565
15,25190366
6,999957526
4,737543732
6,288278791
7,942902105
5,13570719
2,820603993
2,764050415
1,999993165
4,341082177
7,654625142
5,68105306
1,66450214
4,426785366
3,789172258
3,905364358
2,724511486
4,203980099
4,930190944
21,4639622
9,058875923
3,611898599
2,183326479
3,390843462
7,056699546
5,097765115
3,591092103
10,28141281
2,851894131
5,058459579
15,03336454
4,054164869
5,312681526
11,66718739
7,886669229
8,581233822
10,07695325
2,29948239
2,735634253
18,71191593
3,778538027
1,71296542
4,182365313
6,103703654
0,756393823
2,340467769
7,540884262
7,12263453
15,92859942
4,738966879
7,301749488
3,073800627
4,111983906
7,843935668
4,347868337
4,906288615
4,599876777
6,964094208
1,642081754
36,54896436
8,14355646
4,553627537
3,243616093
8,451551452
5,697408372
36,47820206
3,381068168
5,654843978
7,899811826
16,13038637
9,888271626
20,09106356
4,329906705
2,192355247
13,45004046
6,010025986
8,050689652
3,008613306
10,6430027
4,304763909
15,51738841
6,007477525
30,23036462
3,631941677
7,745653756
6,362792986
23,77999136
3,916387399
4,211899776
5,412871552
12,70128548
6,005206309
6,386726769
9,088652188
3,90996471
5,447202273
2,681360867
2,127871771
4,708464782
3,527955707
2,949155699
4,161268865
4,81779509
3,004850842
5,844766024
2,443617964
3,053743019
3,547604152
4,533017189
1,713592582
2,948166583
3,791975452
3,418031955
11,66815834
5,407740588
9,465587255
3,250682001
12,22799084
13,05641187
5,798404456
3,541744752
2,70762083
9,235874111
15,02527751
9,47276948
2,77796207
5,19935738
3,017847732
2,849030922
3,811158727
7,165672263
8,802446826
2,792154879
10,72261186
2,762852387
3,969906252
9,329977615
3,942598306
11,55418731
5,212391292
3,341329995
10,14509293
6,937010451
3,550162198
3,777290179
11,74829091
8,65916675
10,72385542
11,9395008
8,071152984
6,642486526
4,685985461
5,363016094
12,75852339
9,877462713
7,486067701
11,00347599
12,99997041
1,404794085
3,389615717
4,388286596
4,138421796
11,1186385
6,233917185
2,255446279
4,869684727
3,244406206
7,770653627
4,427741858
2,463933982
3,964832959
2,077364232
1,395065543
4,796886909
14,05251794
5,278403901
5,426101349
4,583395073
3,174078265
8,063848364
17,64934839
5,298320274
1,998889422
5,592071377
9,62600731
3,310253597
20,55795679
1,926836278
5,984357482
10,00418063
13,46100245
4,892164374
5,321793635
5,343743455
6,716360997
3,892449309
6,066238979
3,724420846
3,842016624
4,424684642
8,221156553
3,563566229
9,877388921
14,74369361
6,861830798
4,948471164
2,60579521
4,468313841
3,604990134
3,050409931
9,223910238
7,565069882
8,42540763
7,602431792
9,829225143
6,201258746
13,36249183
3,933609415
5,952754621
2,362459621
3,168015569
1,998627399
2,053401525
3,691543394
10,14674224
5,386763118
3,390522747
3,054613438
3,740948193
9,102097293
6,310545029
4,937330296
6,360341473
2,446334376
5,451620908
5,248072588
5,088752633
25,01816105
4,470864402
4,104333545
2,209454111
4,442993569
5,059016857
5,877187289
5,834616275
6,876403857
6,374849097
6,446725601
104,5234475
2,469507814
5,17819829
13,7647997
2,636410653
1,518434801
1,314076539
3,545006235
4,949740594
5,796772329
7,462117976
11,25633868
3,904772448
3,171986898
3,853044059
7,442349867
4,391398163
6,667213981
5,827583178
5,284756521
4,859835314
13,24249245
2,795951884
4,644709408
3,493940906
3,142960804
4,61740961
5,46516641
1,315575688
1,477847762
8,059669688
3,871241967
10,95744584
6,563354009
2,333811363
15,57700869
2,772895921
4,904598204
3,587936102
10,0609147
2,831129729
3,027620795
7,328848147
3,369241055
9,174429627
6,387962309
3,717956838
11,27948887
5,746627856
7,126109398
3,167883881
4,481184377
4,627234336
7,63745308
1,207410712
7,57541084
2,12211022
28,42484164
5,123618496
5,523020435
6,809228523
2,58393241
6,038601486
3,037991625
6,274019977
8,988952261
21,18080147
6,676004527
3,276623349
2,619962176
4,608533445
8,418378435
5,637898284
3,404077352
9,230019035
6,660256615
4,010945553
2,868805112
2,322748439
16,69029707
10,31010524
3,108072994
2,902958792
4,696064246
7,881511383
9,300120963
12,54977609
7,23828541
2,827919463
3,963538145
4,028597265
3,946642915
3,267594993
2,161249461
12,21284224
5,366391473
2,877175977
3,240824771
5,283877028
2,218127771
1,952444692
3,393546285
2,173806489
3,177957052
3,964661827
1,628445717
2,662435436
3,401707237
4,505441894
5,577715116
4,288247241
2,854220132
3,57152551
3,098623601
9,041686251
19,50177943
19,98635835
4,284365824
3,34533516
6,144733721
4,130481677
5,650967992
1,651992193
2,048837505
1,605219317
4,527336331
7,416189025
10,23441875
2,032102166
2,225346258
5,840999137
8,55619599
5,996633639
1,953455908
7,18337719
13,56350233
3,7852521
5,929391855
31,46488199
11,95499048
4,440946389
7,656635246
5,2175786
2,278551101
3,60382284
1,212484861
9,439318457
5,666068579
2,955189387
6,54559822
4,266391309
2,975817355
5,174321044
7,257249907
4,143337049
11,91730859
2,50980509
1,119077983
0,613248061
3,1885731
7,581251701
9,591426486
6,820924084
10,66697302
7,143405313
0,970293423
8,411248123
4,597124495
6,007478371
3,031677935
4,2209064
3,547151578
4,109073799
3,373978212
5,478976206
4,476695097
10,10943343
7,888296286
4,92994732
3,899333121
14,27401792
5,825424055
3,300585416
4,414246811
4,676097769
4,029014881
9,919257478
2,709788908
4,114934189
5,034991704
4,397694947
0,572877026
11,56544052
4,42719958
24,49900404
3,147000551
20,54308068
4,720739137
4,772708525
3,308449268
0,480810394
2,614618696
5,493500201
4,232845103
4,399566868
6,092877261
7,503207209
3,31552419
6,389846276
3,33970572
7,185500383
5,261681197
7,523018278
9,813317326
5,019033328
15,4882886
5,149331068
6,592637633
5,205277757
5,658569401
6,764743545
11,05545843
10,15836488
5,897083049
3,536280823
13,56209784
2,827061629
2,842725797
5,001156522
7,049830912
3,305551725
4,330180742
7,755213124
6,662855738
1,699130084
6,104787817
18,59943682
3,14538145
3,569754247
3,391816988
6,55228638
10,03890031
4,361855092
2,597884012
4,293492283
4,433672754
15,24601381
7,593734944
8,047439156
11,27533363
20,49465222
7,864247723
7,843564385
4,352859507
4,851646204
6,721013888
1,460255337
9,520355317
12,49865666
9,144530164
3,800314258
5,689091805
3,046178127
5,535218986
6,383556742
3,163600847
10,39402958
1,158502163
1,966295914
6,442501232
5,906386951
3,223282398
3,154498625
5,615937144
4,306444743
7,370683964
2,927668744
18,36951307
4,415777583
6,172055721
7,901868195
4,908779121
4,988322572
10,47157834
4,438068735
3,800983305
8,9567164
3,200437668
5,524497431
5,783901409
11,710807
4,686572531
9,69179232
3,953803342
7,081546549
3,361065672
8,659553316
2,545053072
2,400281589
5,40523258
4,5821181
6,290014087
4,020399018
4,744564205
3,759839345
4,317580721
11,7793187
10,77318411
5,361185695
3,594530233
2,064503119
6,05526902
4,888527681
5,065534787
1,897719464
5,341874406
5,238231857
3,154966922
3,447639126
6,4531112
14,34406295
2,100321355
4,531041544
3,62532045
3,393235022
7,069859747
6,262178626
4,500831766
3,418183817
5,148320107
3,793339358
11,12309323
12,88710919
7,79803591
1,788093172
6,957475628
11,53003695
4,161566273
3,05926784
3,555922512
9,724778002
3,511685203
3,620810681
11,55422946
3,398995313
92,40225711
8,559033395
3,061896055
1,251944884
3,89854001
7,94833837
3,974292751
6,446707506
11,21144381
5,914294444
3,906097067
11,66352794
2,466532342
11,02114314
5,747410306
3,880599671
6,765006121
0,989274476
3,405550842
15,65410668
3,509663134
18,84144004
3,893643495
6,036240488
5,918417839
2,527823018
11,09603638
12,03862384
5,061962116
16,85812567
4,525094627
4,009212034
2,44728715
6,551735418
3,803497339
4,40474087
5,601894148
4,886764694
7,488133942
5,08271881
2,767941727
3,995447283
9,494776046
4,120708186
5,728552642
1,162149752
5,68412282
4,866600415
15,7597234
4,355868044
3,058337641
1,937874341
2,127838485
2,721588191
5,469257805
4,704667792
4,016981396
2,267677652
3,188918285
5,07025056
11,32651104
5,714613836
3,109399011
4,342921809
1,435809966
4,308930579
7,855248643
7,672281278
3,822942611
2,431545277
3,298230625
7,661019893
3,197207865
4,876094008
4,041236598
2,438845528
5,965293768
5,294508611
14,82408478
5,614978116
6,786863518
7,955574668
4,730485928
2,570081846
3,72664196
5,620238153
4,976845724
5,097786559
3,278359432
6,508673359
7,095555976
4,66721431
4,143534915
4,088550833
2,147384659
5,485267333
6,004803758
4,451456973
2,930419032
4,096297382
2,641195797
3,975899482
2,914647357
11,65263999
3,432189389
15,33528093
4,486058265
3,394096897
4,983434394
4,894541855
5,607182566
5,614198223
5,473885965
4,451474762
2,595050155
5,70763152
5,553087292
10,00799415
5,414250233
5,550324125
2,352789523
4,967156524
4,735444535
7,98391393
4,583542028
8,343184846
0,538364745
4,883632612
2,049098189
4,807485939
4,836204407
2,454414735
3,030414387
2,161898076
4,450600153
5,239161963
2,687548124
11,79570236
9,453037819
6,589315171
4,867887661
5,460647803
2,997260813
2,733208327
5,018626575
6,319838703
11,14796967
3,462697799
7,046868702
8,085787854
3,959832458
4,041170854
6,552196295
6,977897852
4,671575103
2,588355661
5,747486358
7,18618773
9,435800647
1,245395724
11,20540079
4,207434084
4,073178962
6,418464058
4,171245895
5,499209062
4,0174211
4,917991454
6,043141992
5,486508587
3,927583052
4,719688367
14,75348715
4,661101828
4,571532908
1,336671604
4,334674548
5,663517036
2,229553641
3,046463127
9,893860717
15,3576416
1,465469567
3,811905597
4,222416869
10,33553458
8,892051621
2,836848575
4,362213576
7,155322741
15,53305495
2,570156031
7,075513137
7,129055283
47,49863371
9,488340368
6,14997187
5,568741553
8,584290604
8,997312615
6,25809985
3,800612508
3,345450693
4,386241252
5,117741626
7,475452516
3,525609209
9,280069453
3,476827928
1,835397879
4,077988529
10,7320311
8,724787789
5,871694931
5,648745481
8,453406466
12,30013591
5,285430033
6,501608815
9,087408894
2,560630552
7,212420065
3,0324836
11,17158999
11,55576831
4,307436382
2,379055451
3,43114037
9,890172626
3,993827336
3,282508436
4,673585445
12,26602378
5,947723567
3,382881705
4,059967672
3,735982509
10,73347864
7,73319756
4,379673197
13,33780899
8,530649099
4,128449089
4,285113914
5,997995341
4,377082174
5,936342607
8,721087243
3,482937407
18,23926236
2,152399415
7,380660025
3,376740592
5,606093618
2,066963473
3,157472647
6,892202599
2,44805629
8,428441326
5,258298558
5,314869667
4,996141557
2,200267306
13,20014508
1,724345887
4,976947487
1,405228369
4,503801259
8,290841766
2,918323434
2,931376207
8,77837392
0,660924446
5,058503734
108,8554906
1,942759168
1,191821363
5,37823655
5,804531743
4,969518198
3,222690286
2,681100115
5,690641199
7,412604991
5,762862397
4,416927062
4,082129382
5,596760502
1,879616422
5,271220291
3,927965318
4,120924961
6,431554391
6,711875956
4,177085631
2,842863377
7,260843514
3,535555301
5,202621717
12,01843013
5,169476418
5,4769039
7,833961941
4,17684995
4,755705726
5,15423132
5,592627473
7,333432472
14,53593306
4,10654478
17,51525855
5,48566043
3,877140532
5,090233533
2,930734893
16,53372947
10,61277901
9,563328591
8,645329572
12,92587683
6,279917654
4,215676238
2,793093661
5,925015422
1,810576921
4,261630688
4,050914486
4,053054432
3,977576216
2,828582608
14,59372975
4,458430769
13,84789673
4,123675148
7,163103821
3,143764148
5,643925286
2,467163746
9,708287392
4,732419203
12,07355374
2,689784904
4,983213006
4,238407316
1,999308449
3,287242562
3,013361297
5,886933916
9,559323122
1,4749313
2,106301574
0,967682275
8,423799557
8,1714747
5,305211909
3,23557497
4,168945741
9,194235056
9,484746299
5,715699546
4,929380902
5,857026709
3,800129644
3,653171371
13,76945672
6,409264554
5,125697172
5,854857521
4,815782431
5,174036481
3,776389262
2,535977413
3,243919169
1,054328361
7,867906066
2,921864806
12,61057581
1,732490959
9,498651344
12,77486449
4,313353953
5,341566801
2,884860831
1,968574589
6,305115786
12,7223067
10,21995139
4,869987386
5,867034221
3,757109764
4,345313649
4,524692656
1,477220066
3,207988831
6,77596322
8,146000767
7,608027659
16,47408059
2,828436969
2,033194558
16,50202848
5,892832208
13,4546793
10,04042218
11,62568979
4,221126231
19,22838598
5,667812777
17,69614157
3,362296775
6,598186393
6,451902737
6,154806183
6,003338482
3,288275019
9,900279178
5,56394428
6,373215349
6,249816361
4,621312414
4,165779625
2,789524174
11,48550993
4,408616526
2,394657182
4,096129682
3,053043083
3,432416419
8,304914802
16,18977238
9,184104662
3,013821928
7,022629052
5,341864629
2,159150354
3,445773717
4,766441128
8,82171092
8,982798456
5,324859196
5,527727478
5,650289242
7,978256787
4,663279421
5,425864591
5,15165208
2,810719342
4,701879422
2,261808993
2,009598508
7,03027012
39,24330984
3,988708788
6,794371847
3,664912207
4,052198392
10,24119135
3,235744679
1,278774202
9,254952337
13,0809158
5,049026975
4,979643942
3,075543992
3,01154356
4,49403926
9,153655207
15,84353637
3,062585063
4,908192167
5,323274391
15,09600492
6,008442865
3,372448884
11,64885541
3,89915646
2,025086896
5,865511007
15,70632372
1,596956448
1,945840472
8,022434763
2,918549582
3,691714121
3,196345329
12,49916079
11,19534317
4,575275428
7,710286303
6,883133776
8,641205793
5,184019664
2,504938
11,70020525
4,191247716
5,804897082
8,493430869
5,409498193
8,22610615
8,332772506
2,613958068
4,934653692
2,388981927
5,891194003
5,718838538
4,201544365
14,89280926
3,089882525
6,436998586
4,735401249
8,443904686
2,917498628
7,359659652
5,327920495
2,409761546
5,595496698
4,675743382
2,341186384
6,170098896
5,991508269
6,029530466
9,379022575
3,160823197
12,38091664
4,619760742
4,226230528
9,920103295
6,053665738
21,93495619
7,886189965
1,38138141
17,9732703
2,457241209
11,70116696
7,038024938
3,806431565
4,778647143
11,59073011
3,423319896
3,966880034
3,934331322
6,953011437
4,829947598
3,507109327
3,214745968
3,071851853
8,718374599
6,127489219
4,103023491
9,252113741
11,21392143
5,53476086
4,839771286
2,273876947
4,245159874
3,744576046
11,04857906
7,177723086
11,29296444
6,692016163
5,114387005
2,608113716
1,703852578
7,125842966
3,203900112
4,14007951
3,999826576
5,469560166
7,955152657
3,423546324
5,056523836
8,286094116
4,612677109
1,957629644
2,782032794
10,01112665
6,746410399
3,329385873
3,276002228
6,764443726
9,506970608
9,428923634
5,487162182
3,241640268
9,000082619
14,42056694
9,785834375
5,157826839
9,912616465
4,658883534
3,164883988
3,370900664
3,429912984
2,450055836
14,32286325
10,51293064
4,832400261
2,916330508
5,268770965
4,608827724
14,4701247
1,456862686
1,985431893
5,066982866
4,004119067
4,522816104
6,874125839
4,810445005
5,59499174
4,363422726
7,161350703
2,59952506
5,538720615
4,099901177
6,07902808
4,048338691
7,832631957
16,63049011
4,338866291
1,473770307
2,88201836
9,282476905
5,285559768
3,483029352
3,559588676
2,967967672
7,263367049
5,262352933
4,555208885
5,455526323
4,971747691
0,611656385
10,66448034
12,91743072
4,63356914
4,569846321
2,836567027
2,007538472
14,45330991
6,30231919
0,878496954
4,457570499
3,307312009
2,908023222
10,14012327
3,876569796
3,084939993
5,212070135
5,823528628
9,166657752
7,559546524
2,747637846
4,421125979
3,773526613
1,826544512
2,206664668
10,21197941
3,509691144
5,181199561
5,338267686
3,454735012
4,731205846
3,045226739
4,985801247
12,0762521
2,313998593
4,065461729
4,683766164
2,837612119
2,108387894
4,78942258
7,514275276
4,598448426
2,216892579
2,409487034
9,941539598
2,744900038
8,16328395
7,553983272
3,788865792
2,057554901
3,141685082
2,811057343
3,88132262
5,366168552
2,884798451
37,06759908
7,219132914
7,903347323
12,22581137
2,911741965
3,498033751
2,877405588
4,07048667
4,121776645
3,911454159
9,921480647
3,905154464
2,983009076
6,384844545
3,065763551
6,038847364
6,243370986
2,144586745
0,891818717
8,024893995
2,876908181
1,014948246
5,066176485
3,208801097
6,548449901
4,389079329
5,736816242
5,615378274
1,966825915
4,499570237
11,55117426
2,77420478
4,380194253
4,592351832
8,525239625
6,71173066
7,101812593
6,207690165
3,833900247
9,589967862
7,188008895
4,857764198
6,281507484
16,52025861
1,921918155
4,540012998
5,388254532
11,54858022
3,849492843
14,11562422
4,795129784
6,181725768
2,349817892
3,864492238
10,0325224
4,322991178
4,028025967
2,139503301
4,090985907
5,681369766
4,863456482
5,011373103
3,29875703
7,55010469
15,50759166
3,701428276
7,587057565
8,420432708
2,168150996
6,775405544
3,260346889
11,61602215
3,286424071
5,629562024
3,559064446
1,457630411
14,42545211
1,75370746
2,293104824
4,920327083
3,503567837
15,34425969
4,158813353
10,00085312
4,154049001
11,2781739
4,282901185
5,801796531
3,823677095
1,868407572
10,60607127
4,659217691
8,34063901
1,418325125
1,751169757
6,240405779
5,682512628
3,949418175
5,52087214
8,570774859
9,868860646
5,6768207
6,15506196
3,36181689
2,742002087
3,263038431
5,086037883
5,283256846
6,498091847
4,95740462
6,656901634
4,012225144
4,51176392
6,615568853
3,490691689
4,614690411
13,1417841
5,472003126
3,356749258
3,709018421
4,332320244
12,45847877
8,17556154
5,110703587
2,365137549
1,8618499
17,28191755
5,054141643
6,401629714
15,84172512
4,569168631
2,801019045
7,810973608
6,779034665
1,551197793
6,403184806
3,625067647
6,63198001
5,743669008
8,192074687
1,618066491
1,728224261
2,31939494
31,41114716
4,175250107
4,849060432
3,671495837
9,80493959
5,683099801
9,530631735
3,199724702
4,081747815
9,395677412
1,949865083
2,006509027
6,528664259
12,20895656
5,728847765
5,292839855
8,498999844
2,789361865
16,50118203
5,951554019
7,6466355
6,485551019
5,239035077
8,168017304
3,440135632
10,21118675
10,13023428
7,378511199
7,701819148
16,65066146
4,671108084
5,859535031
4,500917037
5,137746733
6,318795852
9,144455696
2,753240807
3,49150523
8,99323847
1,839108073
5,693143336
11,98044923
5,797303136
4,979904959
1,828836557
1,185750467
2,312076925
5,745753405
10,31547065
1,748247958
8,020838453
3,684983821
3,876331672
2,21272825
4,857484257
5,1468943
2,880768154
10,8156978
3,97461783
8,960257354
4,522262708
5,217157445
4,176412295
1,251073073
8,457365886
1,785471532
7,307466455
3,04709863
4,022025147
1,659410143
6,664451685
4,740314583
13,32683366
3,999027436
8,906355181
10,48031108
8,904772666
4,350137473
7,10977253
6,113323175
7,936018963
5,130091325
5,677631683
3,873965458
3,095942265
4,10753973
6,835471992
7,341119418
2,678569667
10,57450242
7,753006779
2,037734055
5,857010936
3,715429812
3,466537535
3,596613299
4,712730839
2,537496195
5,092618263
3,832373516
3,693990578
4,60918094
2,271200403
2,279416832
4,403629886
4,642657467
2,76938954
2,392418348
4,446811053
2,024655282
5,487722071
7,549329901
7,430141918
5,897511121
4,524403842
7,919535299
5,060741755
3,766791608
9,654170377
3,449615243
3,679197657
6,716138087
6,557396115
16,81223587
6,350250782
4,953809929
24,58747552
2,745354102
3,803480987
5,497439774
10,58969853
2,922473495
2,643333829
4,047360414
3,905318018
3,782580843
4,739326222
4,245563401
1,260430029
6,920316332
9,212176124
8,444317044
4,827873512
7,019944747
3,893527292
12,06243846
16,57943894
6,424030683
4,634065192
11,22158143
7,087302838
10,3932112
2,692471514
1,754887707
4,536479003
1,890692246
6,996859646
4,355140103
5,927502803
5,41658296
5,323301698
12,03099664
3,841111311
8,134697892
8,466235424
11,12696468
5,181369264
5,518841624
5,178882113
5,19747776
5,318603151
5,719416822
4,554385144
3,410541703
5,187621464
1,22547352
6,524855786
3,933816289
2,683097847
6,279588979
6,329965743
8,079632807
9,937925558
4,725115949
5,291136143
8,247232262
4,265023941
10,35096074
4,868077176
3,910126657
24,90077371
5,081359627
7,113720686
8,228218772
9,95058743
1,809483825
3,949925918
3,538948016
10,80281379
2,669286937
5,05511211
5,117005674
5,513543029
6,432504224
4,956481816
4,651596518
4,962614535
6,832291313
7,515105996
5,406955017
2,695876229
8,841886483
7,108123367
4,590753525
5,464987355
4,125446144
1,423214591
0,595541015
9,583063087
3,407935793
3,834496076
4,869320355
10,03698669
7,264494786
4,226238204
12,96921975
6,126522163
3,863736469
3,633580698
25,10535521
4,407068456
6,651755228
8,71061652
2,508607364
8,613935535
7,533832221
5,917048546
4,088288471
2,495507811
23,52097866
8,099288007
3,945100653
7,24246238
8,57360904
9,376607406
14,18126741
4,842636934
7,918657973
2,366100709
7,317105659
4,653329179
4,141855812
8,460455335
6,829342342
12,61157637
5,678919973
5,132425124
3,278386654
5,026053322
3,103060484
6,349873375
7,179333223
8,555050893
14,56509599
4,38773613
7,674864114
6,034921255
5,313512516
6,350046083
4,630401146
4,735039434
3,947135914
3,736745037
4,672486583
4,061560771
5,520303875
6,334405861
7,264335346
4,852234309
4,046157499
4,531878853
10,8867688
8,770294644
3,587083266
4,698777163
8,770012632
3,975817895
5,966647714
6,257736082
2,502190441
8,576734734
2,209814982
7,091344791
3,319674457
1,364827699
10,56363604
4,709112718
4,191514289
2,881384691
5,991025101
7,745298133
9,446666656
4,727047568
3,740189902
3,462350707
5,540996493
4,30318193
4,566725114
6,357611089
3,251553373
6,127371787
6,556789083
9,494150813
9,427817767
7,483488358
5,361158307
6,205051192
8,483996914
1,810551349
9,10997906
5,030329931
5,01211331
12,05245606
6,04028311
5,471125673
5,967161991
15,11809775
3,202063207
10,30089159
4,772533414
3,822464431
9,426284463
3,156328371
10,42733173
3,481308001
4,586232965
3,250763125
8,338154662
2,507507305
6,666424936
0,382732012
8,445950541
1,81821692
2,427774037
3,920614957
2,238416426
9,090604359
5,57963282
1,283548963
9,232210762
36,65185283
4,755196735
3,522205189
11,3248811
8,885537345
1,862876177
5,30028166
3,173607171
7,551219778
2,50381207
22,79665784
4,766216023
8,180295708
7,816077714
6,030423147
2,757814917
5,274489314
9,848645055
2,730112064
4,505080221
4,372464273
3,861894025
7,635223286
4,333540703
6,759248928
5,705826012
2,762443697
4,417260147
2,85687389
5,267858242
2,181973459
3,472516673
9,902246702
6,669627108
1,872932119
1,933823731
4,383399235
5,126894226
6,130728221
4,14787476
4,446955267
5,835243782
4,939843723
5,300848973
4,837864093
1,362183104
2,128607181
1,361755903
4,457420148
4,300439231
8,639824876
2,771781853
8,145839386
1,31107297
13,22206376
10,64654708
5,680614981
11,58393062
9,050828105
5,195444744
4,639487684
3,335543556
5,865322395
3,117044466
30,06156447
7,583430161
3,473704485
3,391572135
1,770084483
6,774996049
9,120103251
5,920969168
5,531172027
5,450817076
4,472955358
9,469070622
4,158038958
3,353612094
8,084589164
7,525761214
3,59907897
9,016796137
6,883722124
3,847261781
3,84442449
5,018658578
10,4540665
4,686831356
2,899548477
10,87742357
2,804471679
7,398081459
4,572240355
4,268939025
1,746586518
5,102415586
4,728537432
10,73437978
21,12277505
4,854586933
6,225751745
5,194530173
7,481368123
7,457144404
25,28789774
7,528289426
3,843924836
13,15714051
9,832344266
8,943011764
5,767124234
3,74069249
1,217550471
9,364880663
3,222925197
9,388215063
3,663166256
5,304511211
1,853036156
6,947326349
5,241101944
3,240926023
6,09654101
5,824291659
7,050665943
6,571576951
7,725958645
1,988690985
3,274268566
4,296842933
4,955194603
4,748904065
2,462839491
8,31833712
6,88132492
3,787334937
4,954163048
8,395597593
9,146559059
3,008668874
5,042228251
5,308036382
15,99419492
16,10253463
3,685721435
3,715058476
3,332614293
6,598970975
3,615684674
5,114574064
4,296948513
5,326982531
9,022823068
3,590275067
4,334443165
6,611091056
7,175283115
12,67838147
3,79999435
5,530047468
5,642867139
2,928311088
12,25098063
7,065406264
4,168361662
5,332124782
5,619259618
1,49482519
8,188252045
1,82357016
3,556829818
5,402829832
3,257931384
7,826929962
7,407981062
3,509048589
7,348617624
1,726337055
9,677702618
8,582157383
3,60196159
2,579289758
2,7523667
8,533276426
9,665914404
4,798558999
15,45099166
12,23757829
4,033320323
5,472719752
5,148936977
5,159682368
7,538129022
13,00330448
7,84867998
6,262287601
7,703237954
7,099927096
3,962457314
5,962514233
7,236980259
5,878869452
4,126155786
7,306828999
3,398821283
5,377413463
9,793921249
4,11206913
4,432854013
8,709125389
4,093305118
5,916010471
6,309123409
2,687251953
3,293237786
4,049747475
16,24319097